25.6169 -43.4215
25.5054 -41.8302
4.3094 -41.1765
2.25857 -40.9849
2.81357 -39.4015
-2.28441 -39.1839
-3.49101 -38.8326
3.61924 -37.0749
-4.06144 -36.5765
27.8247 -32.1943
26.1628 -32.2578
25.7607 -33.0987
25.7835 -34.8159
25.7198 -36.5746
25.6169 -38.3218
25.5483 -39.5141
25.3841 -40.4464
22.9872 -32.3166
-16.5314 -31.6965
-15.8364 -32.6515
35.254 -31.2184
34.7211 -31.7271
33.8302 -32.0573
32.8187 -32.0222
37.0828 -29.5772
36.8149 -31.6187
36.2606 -29.2898
35.2645 -29.4461
17.0999 -27.0334
11.8179 -27.2124
12.4898 -27.6673
13.189 -28.0526
13.8888 -28.4655
-0.764544 -26.8864
29.2605 -26.4231
12.1269 -25.3015
-18.187 -25.1437
11.2136 -24.4015
26.5371 -24.5766
26.4656 -25.448
27.496 -24.5445
28.5798 -24.3712
29.8791 -24.6896
30.502 -25.2173
30.9117 -25.8715
31.7183 -25.7277
10.5146 -23.8049
15.7409 -23.8035
16.1448 -24.154
16.6762 -24.6412
16.9469 -25.3865
6.59582 -23.6598
7.02475 -24.0815
6.55605 -24.5855
5.57646 -24.5729
-5.3531 -23.601
14.9483 -21.9696
12.2012 -21.8829
12.156 -22.6473
-10.9757 -21.9698
-22.3364 -20.8801
0.230232 -20.9009
-3.81143 -20.4703
28.7847 -20.316
-5.16262 -20.1301
-20.4672 -20.34
31.2636 -20.1515
16.0952 -19.0265
-5.49977 -18.9015
-23.8148 -19.0952
-24.8743 -18.8394
-21.6375 -18.8393
-20.9925 -19.0894
14.4636 -18.2515
-19.6531 -18.0895
-20.2083 -18.123
-3.91769 -17.9515
-24.542 -17.2827
-26.4691 -17.7982
-26.5785 -19.5278
-27.0553 -19.6482
-26.3888 -20.9725
-17.6804 -16.7122
-5.56643 -16.3549
7.26054 -16.3057
31.0636 -16.2015
-16.6669 -16.3962
-15.9834 -17.4462
-15.5245 -18.2675
17.7949 -16.0261
18.5214 -16.319
15.7389 -16.524
14.829 -17.2406
-7.92583 -15.3
12.6937 -15.6451
13.5642 -15.9784
11.9361 -15.9571
10.5474 -16.1087
28.7963 -14.3046
-22.1787 -14.6535
-21.7296 -14.6633
-13.2293 -14.1976
-23.0918 -13.9329
-13.9379 -13.5909
-15.3364 -13.5015
-16.4364 -13.3834
18.2398 -12.9777
16.3977 -12.8198
-19.5826 -12.9589
-21.1334 -12.8929
-24.1962 -12.8766
-24.1175 -13.5787
33.2118 -12.3179
34.6703 -12.4397
32.4543 -13.2092
32.57 -14.961
32.6658 -16.7686
32.7061 -18.1373
32.5245 -20.1469
32.3212 -21.8668
18.295 -12.1775
-28.6237 -14.0292
-28.4221 -12.3599
-28.6169 -13.0154
-27.3721 -12.4196
-26.8692 -12.6148
18.2636 -11.3515
-8.11236 -11.1701
28.8059 -10.8298
-24.1686 -10.8111
26.1104 -10.5214
-8.82482 -10.3728
-8.81472 -11.1435
-5.6406 -10.1488
-7.33052 -10.7422
-6.87323 -11.3478
-5.84135 -12.2162
-5.08768 -11.5628
-6.0896 -13.3607
-7.2503 -13.0815
-8.02962 -13.3031
-7.95229 -14.0369
-5.11211 -13.6466
-4.90311 -14.4938
-2.76654 -14.5502
-1.65082 -16.3252
-1.50698 -19.8602
-1.35877 -22.3522
3.75261 -24.5801
0.783382 -24.656
1.24214 -24.5396
24.2302 -9.87099
18.7198 -9.96196
2.25695 -10.0235
-7.80495 -9.72562
30.121 -9.62932
-22.5757 -9.73756
15.4108 -9.59098
16.2068 -9.80036
26.5511 -8.53904
29.1938 -8.61092
27.0558 -8.30932
22.8136 -8.20154
8.95875 -7.95154
9.54134 -8.47258
27.5669 -7.45154
23.8228 -7.07913
15.0636 -6.40154
-12.458 -6.46512
0.423493 -5.88275
-3.45525 -5.44402
-8.91644 -5.45354
-9.55227 -5.59321
-12.537 -5.19993
-12.9813 -5.3977
7.9663 -5.72012
8.06537 -7.21379
8.86102 -5.49773
9.69172 -6.1962
10.7145 -6.98374
11.6956 -6.58814
11.6878 -8.29148
11.8244 -9.02092
-2.48227 -4.56196
61.7236 -4.25821
9.98641 -4.37775
11.8044 -4.40884
-42.0531 -3.8273
63.7716 -3.90508
63.0717 -4.16076
52.09 -4.09555
49.7855 -4.38773
46.9047 -4.09543
45.4452 -4.39345
53.6963 -4.16397
55.7185 -4.1091
58.4628 -4.072
60.4832 -4.0618
-23.1264 -3.52043
-25.8278 -3.71821
-35.8337 -3.62932
-37.3616 -3.59342
-38.7108 -3.65795
-39.7541 -3.74425
-27.3209 -3.634
-33.0531 -3.5409
-29.7854 -3.56644
2.08023 -3.53004
-7.71515 -3.11718
-6.89755 -3.22438
-7.52638 -4.22033
-7.7931 -4.86404
26.2477 -3.68483
26.1516 -5.03137
25.8563 -6.09634
25.5193 -7.23597
27.6789 -3.60479
29.0814 -3.347
30.414 -3.69668
32.2377 -4.13238
33.3971 -4.10027
35.2032 -4.24364
36.9283 -4.13953
38.2838 -4.37566
39.7136 -4.28062
41.4929 -4.29592
43.1281 -4.52739
43.3677 -4.12238
-12.0457 -3.06164
-11.2289 -3.08121
-11.4155 -3.937
-10.8934 -4.09587
-20.3975 -2.70154
22.2771 -3.41976
22.5106 -4.86413
-17.0025 -3.01917
-18.6446 -2.95077
-15.481 -3.07434
-14.4969 -3.3229
8.26357 -2.16821
19.256 -1.67049
32.3025 -1.35599
52.0837 -1.00769
-32.5731 0.298456
62.9633 0.12835
53.3802 0.307315
53.4263 -0.685079
50.2331 0.672013
49.7298 0.0870611
60.3561 0.97115
60.8837 0.45635
57.8674 0.933308
57.3394 0.662885
57.9261 4.74846
58.6871 5.05163
-39.4941 5.89078
-36.8391 6.07477
-36.0217 6.07988
59.7365 6.35054
59.3725 5.82795
-29.5864 6.40471
5.08023 7.93735
-30.2743 8.53634
-1.59969 8.16171
-20.2892 8.5244
-29.4457 8.1398
-30.3348 7.49922
-28.9283 7.56512
-27.6801 8.09936
-31.2463 7.00328
-31.7862 6.36664
-32.9747 6.35405
-34.3598 6.25112
-14.2776 8.28275
-14.5399 7.51161
-31.9604 8.69846
-24.7104 8.79877
-26.3314 8.83946
-23.9296 8.32541
-24.6043 7.34846
55.6659 9.29846
-30.7059 9.36512
-28.2673 9.5811
-28.6117 9.84953
-29.2016 9.37674
59.8336 10.5685
40.4037 10.3361
41.099 10.0172
40.7766 9.57128
40.6595 8.78089
41.6651 10.8969
24.3364 10.6063
55.7152 11.3382
56.0269 10.5764
17.5557 11.6344
17.3178 10.8991
-0.227103 11.6938
40.3324 11.7041
-3.97634 12.3555
36.7371 10.9192
37.2867 11.7699
36.9692 9.55831
37.5089 8.91579
52.9995 12.4025
54.3102 12.5604
52.3655 11.6069
53.3698 11.3567
38.4823 13.1235
9.46357 13.536
7.09766 13.3757
8.06112 12.7631
5.61442 13.763
-5.13177 13.7351
16.9469 13.8318
4.50523 13.8901
4.81357 13.3485
5.21357 12.9985
28.7386 14.4235
17.1636 14.5848
13.3386 14.4951
55.4596 14.1651
55.6748 13.4957
-7.02987 15.0325
-7.26177 13.6499
-7.45713 11.9532
-7.89447 10.8414
-8.58626 9.57895
-9.26319 8.6619
-10.4578 8.88208
-11.0834 7.4056
51.6109 15.8678
51.4911 15.1379
51.4927 14.4653
50.8544 14.356
9.90805 15.9808
10.2718 14.8544
-7.17467 16.97
33.2428 15.5609
33.6169 14.3543
34.6343 13.9551
34.834 16.7157
34.3057 16.0715
14.0636 17.3285
4.12539 18.3506
4.36357 19.0985
26.6557 18.9064
58.5597 19.3905
41.9279 19.7475
41.7283 19.2283
-11.4695 19.4357
-11.1013 18.0187
-11.0507 16.1526
-10.8358 14.0664
-11.3019 12.2231
-10.6057 11.8979
-12.1291 10.6607
-12.3989 9.26558
1.47122 20.2421
-28.9042 20.1967
-12.6114 20.1496
22.9171 20.7747
22.9199 19.4376
22.4732 18.8829
22.4933 17.5103
23.3743 17.089
24.3369 16.2843
24.7014 15.0994
25.426 15.0177
-18.7929 20.985
-16.3979 21.243
-15.0153 21.1759
-14.3531 20.704
-13.865 20.1255
-23.2381 21.1259
-23.7161 20.8103
-21.4433 20.9926
-20.1401 20.9836
60.8257 22.1363
4.23188 21.832
5.0027 20.5903
5.79409 18.7624
6.01241 17.2968
6.7945 19.3088
8.12412 18.7673
9.75964 18.7431
10.7899 17.6775
15.7636 23.0485
-30.5146 23.3578
-30.0085 22.883
-29.5592 22.3239
-29.1531 21.43
62.0016 23.7298
62.006 22.5133
61.6009 21.1373
60.7091 20.3507
59.9415 19.9615
59.7521 18.8229
59.6263 18.0143
60.1613 16.7557
23.4498 25.6128
57.992 25.9675
58.674 25.5639
58.9678 24.6889
59.5289 24.1878
59.2264 26.7203
33.8936 27.6985
36.2585 26.8003
36.5997 28.029
36.4207 27.3145
66.5337 28.0856
-26.3377 28.8613
49.6075 29.0879
48.5687 28.7563
29.4275 29.1925
29.9174 28.3522
-25.6659 29.3555
51.485 30.2199
64.8087 30.2394
65.4216 29.5271
31.6386 31.3235
48.4621 31.6878
56.5707 31.255
57.3311 30.4221
56.7836 29.5375
57.7344 28.3966
46.2096 32.1384
46.5754 31.2885
47.3547 31.3838
47.7528 30.808
27.2418 32.4565
29.4213 32.4023
30.2943 32.4635
59.4577 33.0435
57.1262 33.4507
57.6066 32.6539
57.8802 32.3238
-5.15429 33.4806
-11.3303 34.945
-11.3174 34.027
-9.87715 34.5037
-9.03429 34.3899
-10.2602 34.7105
-10.7551 34.2811
-1.22018 35.8662
-1.99294 35.5899
-22.2491 36.1828
-23.7967 36.3203
29.8636 36.4818
44.1636 36.6985
-27.2706 36.6293
-27.9971 36.3605
-28.0172 35.7012
-28.2601 34.7741
-28.1362 33.9868
-27.9641 33.3485
-27.6238 32.6763
-27.657 32.032
-27.0981 31.1443
-26.7648 30.5845
-26.6468 29.834
-27.155 29.2542
-27.3932 28.5669
-27.8081 27.7907
-28.5028 27.1422
-28.5055 26.4614
0.424906 36.4625
5.94813 37.2139
-22.7281 37.0985
63.191 37.6995
65.3346 37.684
2.77417 37.6969
12.477 37.5766
25.4255 37.5966
-26.1557 37.3222
7.13175 38.0121
7.17579 37.5085
-23.0821 38.1302
4.05325 38.4262
4.66044 38.1235
-14.6064 38.9285
6.19357 39.3985
-17.1964 39.5285
29.4928 39.7322
30.3441 39.9095
32.6178 40.2024
32.2227 39.655
7.63023 40.7568
-19.4306 40.5702
-18.9283 39.9052
-19.0716 39.3472
-18.9756 38.5651
-18.4464 37.2296
-19.0405 37.0384
-17.2684 36.8746
-16.6657 36.8363
-16.2238 37.0188
-15.555 36.9692
-15.4384 37.9378
-14.6598 38.0235
-14.6032 36.5552
-14.4841 35.9309
-13.9641 35.6436
-14.5543 34.8509
36.712 40.992
-5.06523 40.9879
6.5797 40.8829
-6.53515 41.269
-16.5658 41.2145
-17.4438 40.479
-7.20644 41.4985
4.21603 41.3744
-4.34893 41.8214
-1.05786 41.8413
37.595 41.7824
38.9196 41.6192
39.2936 40.7587
39.5567 39.2808
39.9696 37.7793
41.1956 37.0728
42.5956 37.2745
44.6545 37.4796
47.8334 37.2995
49.9704 37.2889
52.1803 37.306
54.7648 37.4334
56.9906 37.3511
58.7411 37.3608
60.0203 37.5336
61.3401 37.5582
32.5149 41.8525
33.4594 41.6049
31.3185 41.6753
29.8767 41.6385
34.3529 41.4278
34.3549 40.783
34.3747 39.931
33.9039 39.3651
8.19993 41.7485
-22.8531 41.7409
9.62752 41.6523
8.88251 41.3498
9.631 40.8949
9.01501 39.7977
9.2469 39.376
8.51015 38.563
9.26639 38.4803
8.94858 37.3022
-20.1364 41.9985
-21.7491 42.0699
0.970708 42.208
1.23634 41.8657
-16.5198 42.1783
-17.2107 42.1833
-8.36845 42.4458
-5.36501 42.9707
1.51357 43.8985
3.84641 44.9092
4.74865 43.9245
6.22947 43.6104
6.8313 42.8217
7.72935 43.1512
0.680231 45.0936
1.0772 44.6252
5.06228 45.5049
-13.1966 45.1093
-13.7827 44.1303
2.2492 45.668
-5.76144 45.8485
-7.21143 46.1839
-2.10462 46.6204
27.2237 46.7505
12.3391 46.9378
26.2136 47.1672
-15.0107 47.1151
-5.67532 47.4529
7.41357 47.3735
5.02936 47.3958
9.32282 47.5938
9.45707 46.849
9.19375 45.4931
9.82342 44.3557
8.84764 44.5233
8.17435 45.0198
7.49863 44.9922
6.9509 44.7258
8.2377 47.9646
27.6136 48.2136
3.00331 48.8767
0.68253 48.4513
8.07169 48.9391
6.42702 48.7286
-0.440755 49.1003
2.69968 49.8985
-4.37088 49.9973
7.72058 50.0871
2.92344 50.9287
-8.88199 51.1373
9.43023 51.0735
8.44282 51.4661
-2.5303 51.6941
0.531955 51.9542
-4.49803 51.8151
-19.1864 51.5634
-19.8881 51.457
-19.5714 50.6901
-19.556 49.7384
-18.7456 48.6668
-18.267 48.0158
-17.7534 47.6252
-17.7428 47.0397
-17.5659 45.8683
-17.3502 44.689
-16.2024 45.268
-16.3936 45.8969
-18.1989 44.1133
-17.8938 43.2596
-18.5508 42.4578
-19.1813 42.4959
-9.10495 52.2225
-17.1258 52.3424
-0.969444 52.4883
27.7846 51.7047
27.6384 49.6705
26.4528 48.8077
24.3917 48.6947
22.9942 48.2807
22.671 47.2593
22.5777 43.9992
23.0708 44.8251
23.0436 41.5196
23.1751 40.7569
25.1745 40.5674
26.7764 40.8681
27.8407 40.647
26.8529 42.7901
26.9084 45.233
22.9516 42.2945
23.0491 42.7156
-16.268 53.0528
-18.7164 52.9891
-10.3329 53.777
-19.265 53.9246
-19.762 53.5173
11.993 54.0254
8.96773 54.201
8.93502 53.4588
8.8667 52.6744
7.67715 52.7997
-16.6739 54.911
5.18433 55.1495
-0.274735 54.8942
0.437434 54.3785
-0.873832 54.3093
-1.85032 54.6061
8.05507 55.8793
8.72727 55.7366
7.43386 54.7211
5.56356 56.3985
1.23527 56.2678
0.4969 56.226
1.45102 55.5863
2.09581 55.1428
-20.2929 56.5157
3.92371 57.2238
-12.7948 57.4985
-0.136435 57.8618
2.25278 58.1838
2.78238 58.1108
0.750979 59.4954
1.58559 59.4431
-1.52822 59.4718
-2.74147 59.9081
7.27864 60.4754
1.60863 61.1015
4.81357 62.0485
-4.43247 62.304
-3.88354 62.2803
-3.18643 62.6985
-8.23268 62.6979
-1.71869 63.4291
-1.91201 62.9353
11.706 63.9682
8.41842 63.8008
7.84315 62.9703
8.0233 61.7225
6.78304 61.4951
8.7798 59.8226
8.21055 58.7913
8.32529 57.6246
7.20427 57.6244
-4.24787 64.1315
-2.0488 64.3377
1.38857 65.1485
3.48932 65.2151
5.53635 65.8392
6.09308 65.4134
8.20636 65.8791
1.78637 66.0125
2.40623 65.5831
-1.55038 66.9869
-1.25801 66.3972
-0.665287 66.209
-0.132411 65.9588
6.78764 67.8299
-5.51616 67.6826
4.57606 68.2854
5.24134 68.2848
-7.21977 68.9607
1.4522 69.1038
1.73023 68.7318
-0.785425 69.1889
0.240352 70.2574
-3.31206 70.4042
-2.88819 69.9871
1.38394 71.1688
3.3739 70.8343
2.98231 70.1554
2.44319 71.2688
-23.4579 71.3162
-0.208325 71.8455
0.40947 71.5011
-24.6958 71.8658
-3.75024 72.2561
7.88936 70.5548
8.18288 68.6541
7.53314 68.353
8.28903 72.0091
8.23606 71.041
3.5469 72.6727
-3.22394 73.8214
-5.76501 73.8485
17.7088 73.8014
17.2309 72.7267
17.0237 71.0823
17.4555 69.3396
17.513 68.3971
17.5142 67.0239
17.2287 64.7323
18.236 64.3182
11.1744 73.7963
1.75662 73.7533
-0.615603 73.859
-0.581435 73.1373
4.08499 74.3707
4.33991 73.835
-2.76219 75.1818
6.65437 75.1485
7.74499 75.2212
7.67396 74.3783
8.05577 73.8088
7.87294 73.188
3.54993 75.4293
-0.812318 75.8045
5.02856 76.1635
0.633562 76.1985
-2.74303 75.9229
6.06357 76.3685
32.1549 76.8615
25.8045 76.5461
23.3198 76.3537
22.0858 75.6874
21.7249 73.1258
22.2918 73.4752
22.0326 70.4585
22.2013 67.9002
22.4572 65.3094
22.3092 62.3438
22.5142 58.7326
22.56 56.2153
22.6144 54.4399
22.9205 53.6617
23.3469 52.9359
25.3097 52.5753
38.3636 77.0985
1.63301 76.9651
-0.823937 77.061
5.32271 77.0066
3.35896 76.9726
3.12283 76.6688
-25.1135 77.1005
-4.56453 77.1094
-3.68189 77.1879
7.50502 76.6455
7.41389 77.3556
6.72502 77.1474
-8.74893 77.5096
3.16357 78.2464
-3.02891 78.1175
-2.1983 77.9965
51.1529 78.0485
7.28475 78.6575
1.77801 78.9667
47.1651 79.8969
-1.90449 79.7568
29.0073 80.0547
31.8794 80.1048
33.555 79.9701
43.1136 80.2985
37.6936 80.1285
36.3313 80.0818
-9.9974 80.6151
-5.82199 81.1129
3.97417 81.4424
-2.10362 81.4094
-2.70951 80.8433
-24.8382 81.5703
2.29412 82.2318
23.053 82.446
21.7219 82.114
21.4232 81.0548
22.1108 80.414
23.1691 80.0512
24.5251 79.8757
25.8317 79.9354
26.9269 79.7612
26.2626 82.5362
30.4636 82.8188
29.1636 82.8485
-3.08977 82.5229
-3.53444 82.2978
10.8852 82.8632
7.25067 82.6525
7.2546 81.0063
6.21527 81.3445
5.62023 81.0095
-4.84725 83.228
-5.83947 83.9136
-6.44787 83.6504
-6.40078 83.0112
-5.72519 82.6361
30.9636 84.5985
5.43301 84.5318
-4.10732 84.5707
-3.17602 84.0689
7.1275 84.5236
27.9903 84.6621
19.5282 85.8228
17.6455 86.1818
18.3647 85.9898
1.19907 86.3144
-6.7406 86.711
-14.3739 86.711
-8.86699 86.7318
-12.2759 86.6713
-30.0489 86.961
1.71357 87.1985
22.7864 87.0199
6.71314 87.3805
7.06238 86.8798
1.09393 88.3961
-0.572714 88.5857
-2.2912 88.5699
17.5725 88.519
6.29886 88.6485
7.12606 89.111
20.3893 89.2151
-11.4114 89.5235
4.1274 89.556
4.57791 89.412
16.8253 89.5105
16.6504 87.4429
16.7964 85.6326
17.8546 85.1243
2.48932 90.6818
7.10642 90.808
-8.7343 91.0356
-3.38852 91.2985
4.29134 91.454
1.3989 91.4338
-7.26644 91.5485
10.5264 91.5956
-9.34199 92.0167
5.13357 92.4685
-9.90866 92.4881
26.9107 92.7369
2.15642 92.9453
4.26811 93.2606
-0.825033 93.2502
21.679 93.4157
21.0165 92.6165
21.0949 90.6883
21.1431 88.6072
21.5172 86.9342
21.5656 84.7329
22.8748 84.4876
23.9615 84.3707
0.939492 94.0299
17.2607 94.8966
16.4465 94.3329
16.4723 92.4608
17.0892 91.1866
6.2969 95.0943
-16.1364 95.1985
23.657 94.9389
-13.3064 95.2285
-4.07431 95.2606
-12.5064 95.5685
-0.745756 95.7428
-2.01421 95.9693
19.1026 96.1176
-3.70644 96.3385
5.13826 96.6275
3.73895 96.6215
4.32639 96.2767
0.663567 96.8985
-3.0031 96.929
7.1991 97.6742
6.22629 98.523
6.04616 97.4726
5.07547 98.4303
4.24006 98.0737
-8.04394 98.9601
-8.08189 98.3596
-8.50477 98.0351
-8.81834 97.5356
-8.32968 96.7138
-8.57154 96.1258
-8.50623 95.6429
-8.04526 95.3838
4.98536 99.8433
17.0874 100.275
-13.6396 99.9592
-12.9364 99.6529
-1.28189 101.001
-12.6694 100.872
19.4762 100.705
10.2611 100.991
-10.6739 101.106
-10.1007 100.576
-17.6044 101.499
-17.2656 100.844
-16.8649 99.6297
-16.1333 99.8728
16.586 101.956
16.0151 100.804
16.1437 98.755
16.7674 97.8663
25.794 102.639
0.349256 102.477
-0.311042 101.971
1.17642 102.124
2.52806 102.216
27.2096 102.764
7.12107 102.928
22.5822 103.268
24.083 103.025
21.187 102.93
20.4425 102.127
20.7342 99.9055
20.7222 97.9472
20.6837 95.9342
21.5051 94.9846
3.30537 103.965
3.28823 103.516
4.13023 103.656
4.70166 103.452
5.39519 103.044
5.39251 102.402
4.98787 101.467
3.85402 100.909
3.41185 100.35
2.77131 100.332
1.74184 100.48
0.983098 100.319
0.865037 99.5068
0.337984 99.0504
-0.294368 98.9897
-1.1431 99.0993
-1.57853 99.4622
-1.62017 100.149
-2.3531 100.654
-2.71491 101.25
-2.76792 99.2773
-3.68363 99.3876
-4.87057 99.0494
-6.5154 98.7092
-4.53742 99.7053
-3.96467 100.476
-4.41526 101.349
-4.9306 101.596
-6.11546 101.275
-6.85813 101.455
-7.32964 101.556
-8.01489 101.937
-10.4537 104.253
6.06997 105.115
7.07043 105.192
-12.0422 105.38
-11.8557 104.566
-9.96977 105.739
27.0087 105.917
25.0264 105.874
23.2114 105.884
21.577 105.807
28.2128 105.612
27.5576 104.297
29.6142 105.932
30.9652 105.985
7.33976 106.684
-3.29577 107.596
-2.89437 106.89
-10.9301 107.691
28.8678 107.518
7.30245 108.144
-7.26263 108.498
27.3864 108.549
-11.2042 108.557
-12.178 109.029
-13.0313 108.284
-13.5169 107.82
-13.4531 107.161
-10.6975 109.588
-15.0387 109.944
23.4219 110.165
10.1873 110.073
-13.8986 111.536
-18.7296 111.545
-10.0982 111.298
-10.2317 110.825
2.53172 111.635
3.45048 111.323
3.36885 110.085
2.3345 110.368
-7.56849 111.785
-1.21513 112.76
7.19801 113.277
16.3206 112.576
16.5526 109.158
16.8286 113.37
16.3009 113.246
15.7568 111.655
15.8717 109.776
-11.991 113.144
-11.3642 112.919
-12.2702 112.296
-11.7423 111.642
-14.8781 113.89
-13.8793 113.732
-12.7031 114.141
-17.3198 114.163
4.66356 114.384
-10.034 113.738
-10.637 113.906
2.01982 114.58
-1.30722 114.259
-7.21825 114.309
-7.10817 113.338
-3.08018 114.811
-16.8409 114.979
-1.86219 115.615
-9.24239 115.784
0.332084 116.374
-0.818285 116.312
-0.48182 115.645
-15.9462 116.779
-13.9692 116.59
-13.3875 116.713
7.895 116.798
8.1919 115.859
-8.48644 117.298
9.46082 116.7
-2.39368 117.704
9.712 119.485
-7.54755 120.12
-8.15532 119.811
16.6419 120.956
16.2292 119.941
15.6618 118.95
16.2851 116.701
6.42865 121.924
6.47013 120.989
6.17008 120.304
6.32715 119.379
6.64773 118.209
7.1086 117.38
5.92714 117.751
5.43287 117.567
21.6193 122.982
8.85274 122.895
9.0603 122.341
0.0389269 126.88
9.7177 128.268
21.0142 128.575
21.8713 128.439
22.7859 128.343
23.7448 128.739
20.2941 126.498
20.4863 124.193
20.7615 123.303
20.5903 121.814
20.2703 118.808
20.35 114.862
20.6281 112.104
20.666 110.721
20.7265 109.559
21.8152 108.674
22.8221 108.756
24.7384 108.736
28.3112 129.34
26.3527 128.691
31.465 129.452
34.0723 130.121
6.21356 130.798
32.5687 130.922
-2.10935 130.887
-1.4975 129.893
-1.90565 128.875
-2.97559 128.887
-0.628647 129.496
-0.830183 130.685
0.209372 128.879
0.0756354 127.981
-2.26932 128.173
-2.91913 127.716
-3.37226 126.998
-3.92364 126.47
-2.57091 126.574
-1.71725 126.507
-2.1268 125.785
-3.2951 125.649
-1.64876 125.132
-0.284472 124.677
-1.88062 123.929
-3.02964 123.779
-1.91345 122.734
-2.63444 121.722
-0.613174 122.825
-0.229451 123.276
-3.6279 121.7
-4.35286 121.559
-4.70064 122.581
-5.10355 123.08
-4.88157 121.438
-5.40004 120.923
-6.27177 120.665
-6.7731 120.667
30.528 131.146
29.5663 131.782
3.19504 132.674
-5.40185 132.446
-5.02984 131.648
-5.95661 132.329
-6.94086 132.365
-4.17885 131.234
-4.07705 132.038
-3.50831 130.958
-3.10771 130.667
-25.6814 132.728
-13.9146 132.959
23.7578 133.054
25.5469 132.159
-0.658362 133.478
25.1374 133.871
5.35409 134.038
26.3306 134.675
-25.1049 134.26
6.21778 134.562
-5.63643 135.798
-4.5925 136.388
4.37468 136.365
4.8883 135.623
6.11471 136.657
0.651065 136.736
-23.3694 136.428
-22.4642 136.969
-0.158228 137.259
4.51801 137.56
2.36356 137.672
-6.58644 137.617
9.53065 137.43
-2.65182 137.842
-0.669769 138.294
-7.81592 138.368
-5.26352 138.457
1.53357 138.768
3.71357 138.798
-23.3288 138.787
-23.8046 138.494
-6.13643 139.168
-14.1664 139.048
-21.9694 137.788
-22.1024 138.885
-22.3531 138.607
-25.6413 139.723
-0.514215 139.776
15.4668 139.459
16.5497 139.709
15.3001 136.988
16.1625 135.95
23.1433 139.963
2.25024 140.158
5.71887 139.99
4.96981 139.452
7.00721 140.356
23.8511 140.576
4.58857 140.716
-3.71144 140.788
-5.26199 140.673
-25.7652 140.897
-6.70465 141.129
23.9011 141.528
24.4936 141.283
5.58738 141.822
-4.83771 141.828
-26.2781 142.419
-5.22612 142.571
-0.636864 142.515
-0.909626 142.177
-6.50611 142.335
-2.67618 142.934
-2.07964 142.822
2.1969 143.111
-24.2742 144.18
-24.2877 143.37
-24.0823 142.453
-23.9838 141.67
-0.290101 143.94
-0.869514 144.093
0.961179 144.598
2.48163 144.557
3.14849 143.65
3.31033 142.63
2.20927 142.071
-3.63644 144.805
-6.83644 144.948
-0.123935 145.261
0.55918 145.615
3.47109 145.637
4.54941 145.205
5.3342 144.594
5.39594 143.453
-7.97249 146.066
5.33357 146.168
-4.9912 146.47
1.79004 146.674
-5.79447 146.425
-0.286433 146.798
9.28938 146.568
6.12785 146.827
24.452 146.573
23.977 145.197
-1.3731 147.098
2.93669 147.323
1.13209 147.845
-3.18479 147.662
2.611 147.997
-4.68391 147.693
-23.1067 148.057
24.52 148.443
-25.605 148.723
5.21811 148.495
4.85495 147.858
-3.27393 148.836
-21.739 148.529
0.451498 148.929
-2.1531 149.336
-1.24798 148.98
-0.606225 148.249
0.124042 147.817
3.83037 149.379
3.82243 148.739
2.3423 149.65
2.20118 149.207
24.7353 150.3
24.2691 149.777
-0.128817 150.089
4.9969 150.473
4.32126 151.072
-3.88643 150.998
-2.46744 151.017
-17.8451 151.278
-18.5055 150.905
-19.3037 150.212
-19.8043 149.492
27.7636 151.798
26.0924 151.683
25.4764 151.102
-6.79477 151.565
20.3049 151.554
19.8253 150.205
19.9775 145.95
20.3799 142.395
21.4422 141.437
20.3146 140.706
21.7095 138.792
20.3663 138.144
20.8924 137.167
20.5872 135.968
20.5206 134.645
21.9258 135.673
23.1085 135.699
23.7838 135.321
24.7285 135.08
20.4116 139.431
21.3969 139.488
-4.92394 152.161
3.76436 151.945
2.59033 152.178
1.79611 152.028
-18.0698 152.432
-2.40017 152.986
1.27426 152.798
5.35678 153.103
4.085 153.648
-3.72968 153.544
7.03174 153.906
28.9802 154.124
-2.58019 154.036
5.55296 154.355
-0.815801 154.38
-1.28608 153.478
-1.3144 152.722
-1.18593 151.932
-4.85469 154.741
27.0914 154.676
23.8243 154.59
20.7121 154.447
19.6671 153.748
6.76205 155.197
1.01357 155.157
29.8552 155.228
9.1281 155.167
2.03623 155.195
2.14494 154.643
-19.0845 155.167
-19.2468 154.57
3.13301 156.132
-1.62525 155.807
-2.13383 155.258
-4.51818 156.156
-22.8605 156.267
31.2271 156.167
-2.72092 157.099
-2.40309 156.729
-21.5278 157.282
-21.1746 156.839
-20.8378 156.231
-20.3831 155.8
-3.94249 157.667
-0.276379 157.689
-0.862357 157.592
0.724134 156.937
1.15408 156.458
-2.71797 158.053
-24.1013 157.829
-24.4589 157.489
-6.41252 158.976
3.23357 159.228
5.26863 158.921
4.44422 158.324
5.51263 157.869
5.54509 156.179
-0.136435 159.498
-4.06219 159.915
1.37836 160.258
2.0408 159.761
-23.6707 160.396
-23.3048 160.039
3.87417 161.342
5.66946 160.948
-1.70362 162.089
3.53168 162.239
-0.35455 162.021
-0.334447 160.818
-1.30756 160.543
-2.32268 160.397
4.66296 162.709
1.73658 162.521
1.65912 161.805
76.8351 162.984
76.2895 162.747
-0.670337 163.061
-5.80644 163.028
-0.129295 163.523
3.5719 163.615
-2.14146 163.405
-2.59994 162.758
2.4469 163.969
1.78722 163.853
-26.2023 164.38
-3.14704 164.555
-2.71068 164.815
8.9053 164.697
-2.09421 165.465
-1.41512 164.942
-6.23772 165.869
4.93223 165.963
-25.4448 166.254
-25.3792 165.61
-26.4364 166.648
19.4079 165.701
19.332 162.182
19.4629 159.055
20.2494 157.123
-24.8364 166.898
-0.980872 167.106
86.5566 167.17
5.09412 167.621
-24.3736 167.62
152.194 167.768
1.85017 165.624
3.4028 166.899
2.74827 166.345
3.37136 165.544
3.26217 164.635
1.25165 166.284
0.714717 166.914
0.420781 165.448
0.702942 164.863
1.74535 167.917
-2.73742 167.611
-2.07456 166.885
88.1096 168.092
81.6258 169.287
5.09615 169.251
5.33378 168.676
4.29177 169.698
-1.13643 169.901
155.791 169.322
155.474 166.873
0.238454 169.773
0.863283 168.893
1.77534 169.42
2.41178 169.262
-24.3374 169.969
146.44 170.106
86.8754 169.878
81.6091 170.8
1.02426 170.612
-3.30112 170.511
-2.85914 169.498
-3.28457 169.205
-4.03795 169.538
2.62865 170.864
3.22041 170.897
-1.78428 170.912
-3.0145 171.436
151.889 171.657
146.561 171.78
156.045 171.738
2.1269 171.998
-25.063 171.951
3.30304 172.033
-1.10462 172.061
-10.0964 172.528
90.7026 172.396
4.93529 172.448
5.05248 171.271
-8.61879 172.534
-22.4875 172.376
-21.9378 171.585
-21.6096 170.993
-20.9283 171.175
88.0853 173.098
-1.92583 173.255
80.9948 173.288
79.9389 173.308
81.4695 172.416
81.5617 171.815
8.64921 173.354
-2.86478 172.956
86.906 173.554
3.16141 173.504
0.319627 174.109
-1.75447 174.019
-2.61236 174.23
21.7169 173.914
87.7621 174.327
-4.59448 174.413
77.4898 174.564
78.3388 173.812
155.401 174.512
152.71 174.926
153.336 174.594
152.061 174.655
151.754 174.138
29.9838 174.984
27.3466 174.62
25.007 172.411
25.1266 168.438
25.2453 165.247
25.1026 163.533
25.462 160.106
25.4976 157.882
27.0127 157.11
-7.05455 175.447
-4.14715 175.383
155.364 175.762
-1.01889 175.63
-6.50573 175.771
-7.45866 176.237
-0.612078 176.569
5.75766 176.566
5.15915 175.669
4.76961 174.953
5.15969 174.173
1.07032 173.621
1.73593 176.25
1.18801 176.166
2.48864 175.851
2.90812 175.048
1.1055 174.686
2.946 174.561
2.1429 174.627
90.7037 175.885
89.6181 176.389
88.4439 176.339
87.3477 176.159
-8.29977 176.998
145.445 177.093
-10.0364 177.368
3.29531 177.541
1.66356 177.629
-6.88524 177.777
-6.01088 178.317
-2.34477 178.498
-0.901248 178.955
-3.43356 179.292
-9.18106 179.344
20.5119 179.462
4.83267 178.18
5.075 179.293
4.6029 178.795
-5.10167 179.428
-4.96838 178.644
-2.0531 179.864
3.00616 179.898
90.6623 180.397
22.7109 181.171
22.4941 180.446
5.35642 181.375
-1.31192 181.47
-5.69269 181.58
-7.91781 181.393
-8.44438 180.489
145.351 181.819
8.51921 182.668
1.60801 182.845
-8.06699 183.532
-2.50765 183.709
2.21356 183.836
-6.96792 183.923
-12.6407 184.408
-6.21088 184.677
5.06574 184.826
5.15113 184.116
5.18132 183.092
5.9088 182.99
-6.13772 185.451
3.0469 186.031
-8.14125 186.621
-7.68822 186.4
-1.95661 186.72
145.123 185.691
23.2298 187.236
24.1964 186.666
8.41722 187.352
0.663562 187.698
16.0357 187.711
15.0595 186.885
15.2991 184.172
16.368 184.105
1.62969 187.675
3.21198 187.961
-2.00924 187.929
21.4913 188.388
4.94837 187.957
4.99336 187.269
22.5113 188.374
-19.4714 182.058
-19.6554 188.181
-18.9308 187.897
-19.2674 186.775
-19.9538 187.074
-20.1889 186.137
-20.707 184.845
-20.3118 184.293
-20.209 183.575
-18.6142 183.942
-20.57 182.503
-20.3296 181.507
-20.144 180.603
-19.4542 180.566
-18.4903 182.213
-19.3322 182.792
-18.9377 181.346
18.9935 187.915
19.2462 186.354
19.2305 183.548
19.3442 180.435
19.8416 186.995
20.4552 187
20.0025 188.159
20.5541 188.515
19.3871 178.211
20.2797 177.722
22.4122 177.805
24.1822 177.804
25.2406 177.576
26.7473 177.687
27.9358 177.551
29.0084 177.702
-1.50495 188.823
223.973 188.581
-20.6605 188.874
78.8636 189.662
-6.51136 189.257
-6.82453 188.675
-19.7114 189.673
74.3462 189.672
3.44023 190.031
2.06357 190.048
24.9008 189.754
20.1323 190.217
154.381 189.891
154.083 187.674
154.026 184.55
154.131 181.682
21.4421 190.32
23.4815 189.935
-6.79624 190.694
82.9014 190.879
-21.5632 190.667
-21.3204 189.748
-11.1739 191.211
-19.4776 190.779
-18.797 190.538
78.8447 191.234
1.03949 191.351
1.26423 190.716
0.98648 190.096
1.13057 189.436
-0.612073 191.569
8.2841 191.561
-7.17149 191.516
146.735 191.929
147.632 190.498
140.69 192.048
80.0969 192.315
-11.5719 192.917
-19.1124 192.867
1.89896 192.773
1.61054 192.387
-9.42643 193.158
4.44832 193.46
4.486 192.517
4.87563 191.439
4.68499 190.43
0.673181 193.311
144.933 192.199
144.996 189.41
141.726 193.914
-19.6146 193.799
-2.63644 194.078
140.356 193.75
-27.6508 194.382
-28.2349 193.6
-6.20217 194.456
4.62081 194.804
223.959 195.142
223.725 194.413
-1.79327 195.167
143.543 195.498
144.575 195.257
142.543 195.174
142.114 194.812
4.17357 195.688
-3.21207 195.692
1.75296 196.055
-2.27393 196.151
4.71357 196.398
-9.59088 196.437
-8.62358 196.053
-7.2031 196.745
-7.41626 196.377
-4.1925 196.927
-28.4464 197.24
-30.6749 197.635
-2.69343 197.459
2.3713 197.838
2.74849 197.261
-10.3258 198.344
-9.8813 197.968
2.84691 198.79
1.20107 198.667
0.0246757 198.782
101.736 199.055
-8.5281 199.048
-8.43752 198.505
8.20349 199.15
2.87417 199.442
142.569 199.569
44.5094 199.633
44.009 199.333
4.72081 199.941
1.95849 199.956
1.54177 199.561
-5.60643 199.928
37.8255 200.26
37.7954 199.606
223.6 200.217
33.4642 200.352
21.2167 200.106
20.1664 199.438
24.5477 200.069
29.9726 200.258
19.3412 198.481
18.8481 197.109
18.5127 195.496
18.9287 192.089
-4.15072 200.791
44.888 200.862
8.16751 200.716
144.592 201.005
53.2855 200.939
51.4509 200.902
48.8439 200.897
47.5756 200.099
4.83949 201.167
-23.2031 200.948
-23.7148 200.862
-18.7364 201.148
1.61156 200.906
2.22652 201.199
61.8205 201.039
60.8281 201.466
59.239 201.256
57.4649 201.032
-3.51977 201.692
1.86356 201.898
4.91356 201.898
-3.13492 202.188
152.833 202.282
71.7056 202.045
67.6868 201.738
73.794 201.934
75.9627 202
77.1884 201.246
77.3853 200.499
77.7141 199.518
77.6213 198.219
78.0319 196.276
79.0685 197.06
78.3284 192.825
77.9234 191.994
78.1756 189.964
78.9846 188.417
78.3148 187.051
78.3222 182.1
222.721 202.51
124.42 201.878
97.7802 202.608
98.3283 201.574
96.1693 202.552
93.649 202.423
91.8557 202.186
90.9291 201.815
90.9126 200.524
91.4985 199.216
90.3698 198.123
90.3792 193.574
90.4607 190.152
90.593 186.976
90.635 185.174
90.6864 183.867
90.4918 182.744
225.864 203.148
99.8924 199.902
103.007 202.768
105.884 202.835
107.228 201.443
107.351 199.848
101.152 202.34
101.068 200.586
-24.7773 203.223
4.51262 203.38
1.09105 203.397
0.661099 202.933
130.241 203.149
130.209 201.605
129.112 203.011
127.655 202.865
126.832 202.745
127.667 200.517
129.301 199.6
131.399 199.376
135.072 199.789
133.512 200.807
139.041 200.441
139.825 200.092
140.564 200.46
141.144 201.351
142.115 201.835
142.882 201.345
126.524 200.161
126.059 200.915
124.214 199.288
122.39 198.659
118.043 198.907
114.214 198.964
115.305 200.3
115.251 202.441
112.69 200.317
111.83 199.093
110.729 199.343
109.722 199.685
111.595 202.962
109.095 202.835
108.323 201.019
108.136 199.083
-14.6613 203.378
7.77398 203.733
227.209 203.63
226.71 202.265
2.71238 203.961
0.298246 204.138
163.02 203.988
162.211 203.947
-23.2954 203.951
-23.6664 203.255
59.9358 203.923
60.1238 203.056
-2.70672 204.695
-2.73788 203.962
61.4052 204.953
224.713 204.259
223.735 204.257
223.938 203.583
223.912 202.803
178.12 205.008
177.551 204.685
176.815 204.221
176.235 203.659
63.5925 204.989
64.5858 204.009
4.56811 205.033
3.12245 205.366
158.876 205.526
-5.85063 205.347
-6.18921 205.006
185.451 205.507
167.989 205.262
166.972 204.69
165.722 204.488
164.733 204.217
169.076 204.996
170.453 204.697
171.576 204.746
172.591 204.841
-3.91077 205.505
-4.33522 204.893
-4.82754 204.24
-4.89864 203.414
-4.49854 202.644
-4.80108 201.734
-5.48042 201.352
-5.26443 200.774
154.554 205.455
154.617 204.8
156.768 204.681
158.261 204.62
159.217 204.322
159.61 203.569
159.83 204.893
160.505 205.146
154.123 203.664
154.135 202.376
154.649 201.641
154.333 200.531
154.199 199.123
154.24 196.8
154.31 193.73
154.221 191.875
-1.07393 205.648
209.343 205.412
210.462 204.248
211.174 203.047
211.437 201.383
211.53 199.328
211.568 196.971
211.792 193.788
211.833 190.354
3.66356 206.035
62.6348 206.1
163.548 206.393
21.2271 205.505
22.5769 206.075
22.7548 205.639
-8.85012 206.225
-3.46643 206.628
20.2679 207.322
18.281 206.604
176.486 207.628
175.104 206.784
163.357 207.474
162.225 206.532
70.7159 207.658
-4.43643 207.684
-8.53616 207.393
1.66295 207.527
-23.4673 207.219
-23.6127 206.506
-23.8808 205.899
-24.3951 205.71
-3.23453 207.793
190.624 208.314
186.713 208.248
184.445 207.453
-9.25844 208.222
-4.13492 208.571
-2.93643 208.698
-8.61755 208.731
-13.8999 208.566
-22.2984 208.508
-24.2062 208.887
227.429 208.884
-1.27971 208.947
-1.70898 208.224
-15.7564 209.278
53.3846 209.401
54.0293 209.184
-5.89452 209.397
-5.91795 208.754
-12.1552 210.063
-4.63053 209.714
-7.12199 210.077
0.533384 210.106
179.242 210.42
-12.821 211.398
138.969 211.121
138.235 209.886
135.332 209.968
134.705 211.08
4.8319 211.109
4.86498 209.869
4.71161 208.401
4.45155 207.402
74.2079 209.037
74.0869 208.119
70.106 211.337
71.2408 211.106
73.7159 209.83
72.8939 209.97
71.6181 210.781
71.0118 209.932
99.9336 211.838
59.2783 211.826
73.5366 211.65
38.5493 211.646
39.3684 210.865
-5.66318 211.948
1.45097 212.097
32.4408 212.169
33.3667 211.969
34.4582 211.467
35.1352 210.868
-2.826 212.003
-2.22929 211.025
-8.08644 212.298
-10.3031 212.198
4.30751 212.088
99.6136 212.598
173.935 212.963
175.964 213.098
-3.01464 212.938
-9.99476 213.19
101.816 212.824
101.314 212.047
6.60732 213.342
-4.2728 213.058
99.1077 213.277
4.27982 213.333
51.0302 213.332
51.2413 212.732
51.3497 212.098
51.6792 211.811
52.2276 211.407
53.0397 211.366
53.8709 211.791
54.5148 212.085
102.296 213.897
8.29178 213.753
7.97077 213.369
-3.76977 213.983
104.925 213.854
104.191 213.257
50.8623 214.369
0.616435 214.32
-0.0668448 213.863
-0.341138 212.669
-0.92019 212.498
0.0266504 212.494
1.11194 213.414
1.7975 213.219
2.69133 213.137
110.088 214.567
-9.4131 214.268
-11.2069 214.497
3.05107 214.661
159.792 214.694
15.7145 214.582
16.3677 214.055
-15.6571 215.134
179.521 215.27
167.425 215.516
168.374 215.326
100.27 215.743
100.358 215.242
7.83232 215.801
-16.8649 215.767
-16.5066 215.477
-8.47618 216.177
0.0393516 216.188
-0.270344 215.627
-0.0430824 215.46
0.896153 215.799
174.584 216.201
175.593 215.892
176.772 215.505
177.781 215.296
89.3997 216.698
80.6969 216.611
193.139 216.93
4.28976 216.609
4.5976 215.768
4.47997 215
4.57029 214.297
213.351 216.908
162.145 217.4
163.489 217.091
164.404 216.271
165.457 215.664
-9.64295 217.542
147.439 217.87
-4.82718 217.823
-2.10644 218.168
-7.83795 218.097
213.965 218.188
-6.33645 218.268
217.502 218.56
101.371 218.751
156.391 218.988
115.391 219.053
115.972 218.46
116.55 217.698
116.759 216.878
115.991 216.27
115.105 216.127
114.52 216.725
114.078 217.316
113.179 217.984
112.631 217.231
112.177 216.65
111.677 216.034
110.979 215.698
110.307 216.16
110.013 216.779
109.505 216.366
108.742 216.177
107.529 216.68
106.297 216.426
105.97 217.088
105.206 217.033
104.536 216.682
104.305 216.045
104.011 215.331
103.193 215.113
102.932 215.643
101.98 216.204
101.746 215.617
101.321 215.163
101.49 216.992
101.07 217.615
100.022 217.339
99.3361 217.796
-3.27788 218.72
-3.61207 217.48
-3.03422 216.711
-2.18751 217.321
-3.2449 215.543
-2.70159 215.107
-1.91724 214.779
-2.40398 214.401
-5.04704 219.6
-6.17672 219.648
73.2247 219.813
-7.16713 219.826
-10.2267 219.676
-11.0204 219.511
77.3636 219.962
75.8707 219.942
158.487 219.874
158.019 219.073
157.483 217.925
156.742 217.429
158.113 218.007
158.919 217.537
159.648 217.092
160.261 217.208
157.472 220.211
223.631 220.445
116.878 220.191
115.439 219.965
79.9535 220.279
80.6292 219.034
79.2334 218.163
78.9032 216.929
77.9706 215.604
78.0827 214.355
77.8751 213.008
76.6252 211.967
90.1181 220.477
88.7197 219.199
90.5867 218.096
92.4389 217.709
93.6814 217.032
95.4631 217.031
96.9313 216.19
98.1767 216.734
-7.33144 220.633
-3.62184 220.773
77.0918 220.872
-0.734053 221.098
117.156 221.491
-20.3715 221.554
-20.7531 221.151
-2.74856 221.709
-2.22102 221.04
118.994 221.261
92.7243 221.681
92.4825 220.426
-19.4436 222.045
4.90383 222.243
-4.84704 222.555
-14.3698 222.556
-18.8451 222.388
6.42525 222.283
6.30141 221.392
117.005 222.865
-7.11628 222.804
-6.88941 221.954
213.593 223.18
214.208 222.057
213.893 220.819
217.471 223.015
217.26 221.918
-3.55785 223.836
7.41299 223.754
160.845 224.148
23.7469 223.615
22.4204 222.939
20.4197 222.668
19.1821 222.178
18.1753 219.036
17.9776 215.342
17.0501 219.193
18.4153 214.063
17.7341 213.124
18.3961 212.476
19.3339 212.321
20.3449 211.424
21.962 210.888
23.4239 210.471
24.5977 210.155
17.8225 219.433
17.9181 221.846
119 224.65
-8.67393 225.146
-5.989 225.197
-7.30891 225.133
118.566 225.232
117.027 224.985
-6.265 225.884
6.1917 226.052
5.80007 225.04
-4.35102 226.498
16.7568 228.765
15.1719 228.807
-23.5975 229.121
-23.4959 228.138
154.11 229.457
154.047 228.677
153.506 227.317
154.294 226.408
90.3658 229.716
89.2573 228.775
89.1911 227.459
89.187 226.198
89.4483 224.829
89.8506 223.87
90.6293 223.532
92.88 223.144
91.3227 230.562
-15.0814 231.028
213.82 230.204
212.873 230.634
214.642 229.909
215.437 228.988
213.598 229.454
213.621 228.873
214.037 227.573
214.332 226.693
4.287 231.016
3.19748 230.983
4.31499 230.174
4.70286 228.924
4.0411 228.479
3.23428 228.176
2.24609 228.364
2.4541 229.283
2.54843 227.408
2.56394 226.627
1.60516 226.22
0.335013 226.233
-0.936828 226.08
-1.73259 225.959
-2.67715 226.216
-3.41461 226.09
225.639 231.673
220.821 231.38
220.424 229.16
223.397 231.776
222.957 230.678
148.987 227.958
149.125 231.813
149.694 230.876
149.261 229.274
149.753 228.615
224.982 232.781
-0.218321 232.483
211.52 233.046
211.045 232.022
211.086 230.862
211.215 228.768
7.19155 234.107
7.76476 233.704
215.613 234.814
215.611 233.399
216.615 232.915
215.805 231.448
-9.49675 235.049
78.3425 235.584
80.1061 235.267
79.7265 233.387
79.4088 233.944
78.709 234.561
79.9562 231.926
78.7016 230.757
79.2055 229.347
79.4545 228.52
80.1438 227.906
80.1135 226.438
79.9428 225.153
79.8296 223.941
80.1638 222.721
78.9822 222.244
78.1382 221.754
77.8422 222.926
-4.94479 235.814
-3.91102 235.703
223.044 236.071
223.254 235.141
223.576 234.344
222.884 233.32
-6.33643 236.948
3.51356 236.807
-1.12662 236.896
0.0304677 236.815
1.03887 236.117
1.93666 235.556
2.68475 234.244
2.42944 232.731
2.25136 231.857
2.19625 230.866
223.592 237.563
211.869 237.05
211.448 236.297
211.125 235.171
211.805 235.247
212.155 233.946
213.241 233.888
214.062 233.39
214.067 232.521
-1.64082 237.634
148.721 238.036
149.192 237.049
149.387 235.493
148.863 234.326
6.22127 238.084
7.13497 237.56
5.27597 237.597
4.77745 236.885
1.70144 238.286
210.922 238.665
-0.0364361 238.798
90.5669 238.956
81.8088 238.579
82.6643 238.098
82.3517 236.043
81.7451 235.338
4.34134 238.994
223.928 239.832
224.356 239.601
220.73 239.939
220.155 239.299
220.321 236.727
221.132 235.93
-3.73431 240.071
-4.22986 238.893
71.9636 240.698
75.2993 241.245
77.5335 241.339
78.5139 241.268
77.2145 240.238
77.9536 240.008
79.5996 239.658
80.0132 238.3
79.6785 237.359
79.3398 236.525
144.895 241.809
145.306 241.339
145.581 240.873
145.71 240.32
145.735 239.372
145.672 238.462
145.012 237.993
145.218 237.634
145.071 236.963
144.593 235.92
144.75 235.276
145.173 234.98
146.008 234.129
147.06 234.128
145.621 233.46
144.262 233.667
145.399 231.901
144.15 231.097
146.316 230.961
146.898 230.685
144.751 229.406
144.651 228.571
144.554 226.849
145.094 226.991
144.692 225.659
145.028 225.142
145.52 224.498
144.539 224.158
146.074 224.593
146.737 225.282
146.578 226.677
146.539 227.364
143.748 222.756
144.684 221.506
146.203 220.648
144.353 220.45
143.296 219.46
143.779 218.226
143.36 216.984
142.468 216.398
141.852 215.786
140.259 215.659
138.888 215.311
137.744 215.536
136.873 216.044
135.558 216.575
133.816 216.794
133.414 217.613
132.356 216.542
130.915 216.092
129.914 215.816
128.793 216.244
128.765 217.267
127.792 217.685
127.172 218.321
126.39 218.805
124.984 218.495
124.239 217.483
123.324 216.484
122.153 216.405
121.306 216.953
120.498 217.572
119.478 217.955
119.063 219.069
69.9919 241.531
70.2908 240.753
71.0547 242.356
70.5011 242.311
222.849 242.555
223.618 241.78
223.048 241.293
222.923 240.27
22.2136 242.998
18.763 242.869
3.50655 242.734
4.06099 242.347
87.3742 243.355
2.39517 243.1
74.0075 243.409
72.9 243.177
222.889 243.68
136.561 243.917
138.048 243.738
22.4636 244.048
144.341 244.436
145.56 244.228
142.909 244.256
141.972 244.271
146.418 243.573
146.632 242.806
145.55 243.17
144.723 242.942
207.864 244.552
209.693 243.718
211.928 243.224
213.344 243.284
214.103 242.499
213.912 240.106
213.754 236.686
213.397 235.86
22.3753 244.881
23.0636 245.198
3.85642 245.084
17.6779 244.312
17.7212 241.727
17.8028 238.577
17.7949 234.502
17.9248 230.106
17.8264 226.939
19.8135 225.997
21.7807 225.972
220.403 245.534
220.712 245.077
219.979 242.858
220.619 241.599
76.7979 245.798
77.425 245.276
78.2156 244.887
79.5331 244.94
79.7363 243.949
78.5151 243.357
77.0777 243.126
75.7395 243.234
225.859 245.581
225.565 243.526
223.889 245.841
222.884 245.479
225.73 241.879
225.819 239.198
225.816 236.429
225.831 234.4
161.287 245.793
160.822 244.693
158.561 244.322
156.335 244.044
155.949 243.281
155.924 242.347
155.856 240.914
155.959 239.452
156.43 238.105
156.459 236.502
155.782 235.243
156.094 234.448
157.102 234.026
156.86 233.098
156.361 231.756
155.99 230.8
157.12 230.472
158.188 230.592
158.362 229.609
158.523 227.798
157.846 225.977
156.909 225.296
158.57 225.173
159.436 224.473
159.089 223.856
158.249 223.436
157.514 223.748
156.755 223.498
155.778 223.288
156.408 221.364
158.6 221.157
159.94 220.947
137.394 246.568
73.8621 246.387
73.2011 246.236
229.494 246.658
0.872231 246.846
1.72468 247.046
2.60969 247.014
3.28328 246.391
3.93831 246.369
209.401 247.175
209.507 246.144
207.053 245.642
205.447 245.324
90.5383 247.086
89.5669 246.91
88.4342 245.894
88.2671 244.511
88.7144 243.022
89.9713 243.146
90.9153 243.249
91.5496 241.615
91.1374 239.992
88.95 239.534
88.9244 238.099
89.0554 236.709
89.0356 235.71
88.9937 234.418
88.8296 232.344
89.7415 231.338
4.10668 247.658
94.453 247.98
-3.13574 247.903
-2.44643 247.224
-1.8595 246.494
-1.09191 245.789
-1.05058 244.53
-1.05826 242.852
-1.33362 241.513
-2.30102 240.72
228.245 248.062
228.915 247.528
207.564 248.298
93.3945 248.332
92.1323 248.435
142.42 247.969
142.561 247.088
146.042 247.207
144.81 247.37
1.35165 249.148
210.003 249.1
210.651 248.342
211.765 248.661
213.134 248.441
160.282 249.848
160.559 247.763
3.89515 249.753
210.851 250.365
211.757 250.082
-0.294769 250.342
-19.4377 250.828
-6.17919 250.998
0.682454 251.104
-6.97081 251.239
91.7574 251.426
-5.07541 251.077
-3.91612 250.732
-3.30167 250.259
-3.69858 249.15
-2.40644 250.668
89.9927 251.813
89.1145 251.148
88.9042 249.558
89.8279 248.212
227.497 252.461
159.233 252.198
142.337 252.191
-1.81858 252.402
148.405 252.896
149.221 252.255
149.408 249.951
148.645 248.61
90.4458 252.925
79.6025 252.333
77.6204 253.056
76.6237 252.777
76.8116 251.858
77.6506 250.666
78.1281 249.283
79.2788 248.459
80.2045 248.078
78.0887 246.979
141.664 253.248
213.173 253.164
213.285 252.478
212.609 252.272
211.753 252.607
211.147 252.544
210.207 252.885
211.001 251.835
209.729 251.347
210.796 253.939
145.131 253.599
144.639 253.088
143.974 252.911
143.991 252.371
-9.64151 253.951
-0.745524 254.214
208.833 253.965
208.953 253.094
3.57627 253.801
4.51908 253.915
5.08023 253.877
5.33921 252.971
3.41981 252.697
2.7004 252.647
3.60204 251.4
3.31202 250.957
157.194 254.972
155.267 253.345
155.943 252.233
156.334 251.236
157.513 252.219
156.924 250.446
158.297 250.049
156.035 255.062
155.185 254.454
222.076 255.087
2.21749 255.323
79.5612 255.265
76.6302 255.337
76.9922 255.061
143.401 251.198
145.205 255.594
146.654 254.054
146.737 251.973
146.593 249.699
144.616 249.43
143.725 249.105
143.738 250.245
142.919 249.62
91.2071 255.467
89.8845 254.884
88.8454 255.136
88.1697 255.08
90.4755 254.703
91.0651 254.228
91.4829 253.248
91.4402 252.351
158.912 255.36
159.298 253.859
77.9969 255.942
142.064 255.961
-5.02532 255.936
-7.41144 256.123
215.214 256.398
210.108 256.248
209.939 255.565
224.877 256.525
6.60257 256.507
-3.29199 256.574
-5.38199 256.637
223.31 256.53
222.346 256.497
212.013 255.969
213.145 255.758
211.634 255.985
211.498 255.077
86.7499 256.251
85.9178 256.254
86.0741 253.346
86.805 252.731
-8.95823 256.853
220.129 256.994
219.736 256.002
220.268 253.699
221.604 253.51
222.267 252.313
223.443 252.692
224.255 252.784
224.741 254.017
225.431 252.314
225.504 251.85
224.698 250.783
225.426 249.342
224.441 248.695
223.261 248.055
224.705 247.421
225.029 253.033
225.19 254.456
1.44928 257.291
-15.7781 257.209
-16.1712 256.847
92.6821 257.2
91.5524 257.187
92.9366 255.599
93.0874 253.007
91.982 255.081
-14.5864 257.498
212.882 257.31
75.6733 257.179
76.6543 257.154
78.4134 257.15
79.1936 257.328
75.5104 256.606
74.8182 256.214
75.274 255.322
75.3097 253.934
89.172 257.344
226.129 257.477
226.176 256.832
215.168 257.918
215.959 257.179
216.026 255.379
215.321 253.924
3.80503 257.824
3.63174 257.2
3.88069 256.371
3.38873 255.658
-1.73088 258.104
-2.11739 257.931
92.2636 258.248
0.334521 258.332
-6.15518 258.555
222.267 258.526
223.283 258.226
-6.68643 258.998
-8.06096 259.305
2.57607 259.536
211.047 259.773
1.74177 260.036
-5.02407 259.785
-2.12583 260.597
226.088 260.73
89.3731 260.4
-17.895 260.448
-18.2175 259.811
215.001 260.886
1.14163 260.682
-5.0618 261.098
3.5152 261.161
3.42998 260.17
-8.14552 261.577
-4.94477 262.192
227.009 261.534
227.095 259.726
220.223 262.045
220.841 260.975
219.707 260.435
220.042 258.692
214.991 262.171
215.768 261.563
215.758 259.859
214.919 259.267
145.564 262.564
146.387 259.599
146.07 256.922
144.186 256.7
145.989 260.629
144.865 260.846
144.273 260.335
144.983 259.698
-7.90644 262.835
-2.43406 262.971
86.2636 263.093
85.275 262.701
85.3714 260.897
86.0899 259.26
3.41492 263.482
3.37585 262.79
76.5553 262.141
76.7006 260.191
76.4242 258.928
75.8523 263.986
76.0539 263.365
13.6558 263.876
13.2444 262.408
13.339 261.049
14.0819 260.233
-2.59977 263.898
223.288 264.33
-1.35998 263.783
74.5636 264.348
148.011 264.282
148.187 263.558
148.543 262.668
147.957 261.98
-7.88198 264.797
0.29801 265
-7.03644 264.963
-18.7089 265.336
-8.33881 265.679
157.438 265.762
157.25 264.867
158.303 263.978
158.988 264.207
158.722 263.24
158.437 262.244
158.736 261.613
158.416 260.735
158.076 259.195
158.581 258.867
157.31 258.572
156.509 257.918
155.593 257.413
155.483 256.828
156.677 256.405
157.235 255.999
88.0437 265.75
85.8958 266.077
85.5462 265.258
26.138 265.653
23.5121 265.227
21.4276 264.627
20.2952 264.787
18.2369 265.079
16.9015 264.245
16.9327 262.167
16.8687 259.689
17.1309 257.74
17.1302 255.87
16.5112 254.735
16.5707 253.558
16.6053 252.6
17.087 248.936
18.1064 246.307
19.741 246.309
77.5117 266.171
1.09898 266.217
220.622 265.884
3.50875 264.982
3.14459 266.37
3.6408 265.671
-4.18876 266.25
-4.67846 265.717
222.185 267.03
222.183 264.748
223.325 263.554
224.915 263.439
226.126 263.193
223.913 262.185
222.857 261.747
223.844 268.033
222.783 267.767
142.312 267.82
-16.922 268.277
219.818 268.062
220.643 267.769
219.265 265.888
219.999 264.267
-16.0095 268.502
78.729 268.357
78.9721 267.605
144.208 268.446
145.518 268.131
146.178 267.59
146.535 266.915
146.423 265.952
146.249 264.753
145.662 264.501
144.997 264.207
142.818 268.96
211.376 268.906
23.8951 268.89
22.0967 268.53
25.5506 268.729
29.0007 268.862
19.8255 268.562
17.2867 268.375
16.4079 268.445
15.8976 268.616
37.0534 269.064
39.0309 269.198
38.0302 269.156
89.0088 269.017
3.78295 269.55
3.60636 268.797
3.29134 268.43
3.45372 267.717
145.275 269.733
145.748 269.437
157.614 269.991
148.057 269.868
148.107 268.561
148.262 267.259
148.141 266.504
2.83209 270.223
88.7636 270.562
92.5649 269.946
92.717 268.774
92.6611 267.073
91.8866 266.183
91.0011 265.505
90.3596 265.71
90.8954 264.214
91.5015 264.173
90.6619 262.568
90.8163 261.228
90.3585 260.124
91.3434 258.773
90.0092 259.245
89.2159 258.918
88.3825 259.36
88.0624 260.231
155.169 264.812
156.007 264.62
155.089 270.62
154.848 268.662
155.699 270.02
156.54 270.301
155.564 266.825
155.566 265.976
157.045 266.774
157.774 266.747
146.033 271.187
81.1462 271.43
81.2928 269.716
81.1647 268.635
81.0474 267.653
76.0021 270.981
77.1443 270.374
75.5668 269.41
76.1514 268.353
75.7723 267.271
76.137 266.435
75.7375 265.118
75.2969 268.256
74.523 267.301
41.1139 270.613
1.76357 271.848
-18.7341 272.128
85.9333 268.373
85.7605 271.888
85.3034 269.67
86.0081 270.332
86.5627 270.465
1.61749 272.531
90.671 272.303
90.6328 270.59
89.8648 271.68
88.5542 271.694
145.642 272.502
145.127 272.015
224.148 272.716
224.058 271.801
222.765 271.353
222.08 272.148
223.377 270.565
222.334 269.665
223.297 268.904
225.237 268.843
156.214 272.998
142.931 273.445
143.106 272.712
143.199 271.691
142.393 271.647
141.748 271.214
141.386 270.34
142.13 269.867
142.018 269.139
142.132 273.923
77.2477 273.663
74.2812 272.59
0.563566 274.035
156.478 273.876
-9.14089 274.425
-9.01236 273.976
158.175 274.618
157.42 273.534
157.588 272.378
158.617 271.469
159.38 270.215
158.59 275.27
147.207 275.111
-6.41528 275.195
-6.30652 274.508
74.4996 274.913
-14.2098 275.623
153.314 275.948
159.287 275.591
157.954 276.254
-4.59388 275.853
-4.13976 275.528
-3.17233 275.407
-2.72504 274.714
-2.24139 273.7
-1.36802 273.543
-1.95186 272.56
-0.97741 272.102
-0.904042 271.302
-0.997665 270.312
-1.11802 269.331
-0.452767 268.917
-1.34846 267.883
-1.59311 267.208
-2.02797 266.526
-2.49304 265.976
147.922 276.382
148.531 275.273
148.621 273.395
147.956 271.958
6.09769 276.35
3.04735 276.284
2.67997 275.378
3.05346 274.558
3.08856 273.698
3.08561 272.789
2.83915 272.172
3.0571 271.624
3.44252 270.801
0.85866 276.774
-20.1293 276.693
-19.8762 275.901
-19.4161 274.698
-19.9057 274.572
143.103 277.01
143.977 276.432
143.675 275.451
143.409 274.666
144.591 274.131
145.457 274.013
224.552 275.734
224.013 274.408
222.613 274.531
222.106 275.311
225.16 275.803
225.755 275.523
225.587 274.21
226.345 273.142
152.753 277.097
152.09 276.324
152.132 274.17
152.536 272.989
-20.7551 277.314
226.281 277.588
226.63 276.403
-8.60644 277.998
219.575 277.982
220.314 277.658
219.277 276.239
219.949 275.004
222.035 278.266
223.275 278.404
223.008 277.443
222.246 277.007
-4.22903 278.648
205.38 278.99
156.015 278.873
20.1427 279.23
19.1243 278.902
19.0758 277.805
20.0272 277.3
-14.4531 279.288
12.9788 279.208
12.73 277.661
13.218 275.944
14.1723 275.728
-2.39366 279.348
2.92296 279.362
3.20543 278.696
207.892 279.461
-1.66342 280.062
-6.87643 280.66
-25.4079 280.422
-25.6225 279.718
-26.8092 280.478
212.524 280.47
212.078 279.688
211.047 279.265
210.193 279.605
212.416 278.822
213.068 278.155
212.899 276.173
212.777 274.704
212.692 273.822
213.101 272.954
213.35 272.036
213.039 269.806
212.305 268.104
212.785 267.262
213.366 266.178
213.178 264.877
212.803 263.427
212.758 262.436
211.949 263.724
210.696 262.871
209.473 262.779
208.638 262.391
209.199 261.602
209.827 260.272
209.218 260.405
208.744 259.03
210.225 259.015
210.702 257.895
211.427 258.063
211.691 259.017
212.47 259.969
212.009 260.657
-8.01432 280.836
-13.8315 281.029
214.118 281.437
-6.7729 281.442
-24.8753 281.237
226.016 281.287
153.501 281.586
208.636 281.431
209.313 280.763
-30.2584 281.999
214.519 282.02
144.877 282.013
21.9874 281.285
22.522 278.223
22.6432 274.229
23.8984 272.039
-2.78586 282.097
-3.45477 281.389
-4.30365 280.931
-4.49331 280.355
77.4936 282.32
78.3424 282.421
79.1404 281.586
78.9739 279.225
78.8252 276.693
78.0356 275.802
76.2731 275.885
76.0891 276.654
-0.992491 282.508
209.051 282.659
13.1778 282.922
154.592 282.853
154.344 281.921
154.371 280.894
154.439 279.556
143.668 282.485
142.774 281.619
142.914 279.501
143.018 278.208
144.593 278.373
145.864 278.757
144.339 279.698
144.512 280.967
75.5321 283.274
155.944 283.274
226.409 283.527
208.084 283.395
147.439 283.234
148.293 282.447
147.818 280.387
147.311 280.966
155.116 274.263
155.041 272.988
158.359 283.697
158.233 282.903
157.998 281.511
158.802 281.451
157.72 280.345
158.713 279.399
158.816 278.185
157.938 277.171
155.829 275.732
155.969 276.373
156.901 277.459
155.168 277.372
154.92 276.245
154.575 275.118
143.996 283.936
75.1708 284.059
-6.2912 283.803
-5.81128 282.86
-4.7868 283.403
-4.46122 282.789
13.0327 284.327
12.127 283.629
12.0651 281.7
12.6955 280.248
155.768 284.562
214.536 284.402
215.378 283.193
215.054 280.588
214.399 280.02
208.423 284.62
158.14 284.762
154.6 284.578
152.427 284.528
151.63 284.286
152.889 283.31
152.694 282.494
151.496 282.801
151.568 281.251
152.193 280.702
152.823 281.036
-26.9364 284.798
219.873 284.819
219.815 283.868
219.147 282.941
219.939 281.337
19.1518 285.294
18.5949 284.293
19.1029 283.422
20.1636 283.47
2.86156 285.145
3.28067 283.853
3.00343 282.531
3.08685 281.394
145.239 285.906
-27.2073 285.833
1.36129 285.985
81.0635 286.281
81.5889 284.761
81.0012 283.718
80.9688 282.638
-18.4355 286.819
-18.2494 286.33
222.433 286.898
221.901 286.036
141.345 286.156
143.164 285.924
140.959 284.992
141.605 283.691
87.6489 280.406
87.0189 280.94
88.3387 286.889
90.7879 287.58
88.7985 285.735
89.9807 285.721
88.5328 284.877
88.8157 284.131
88.6301 283.253
87.9255 282.915
88.0247 282.134
88.3645 280.991
89.6484 281.363
89.3628 282.127
87.3856 279.978
87.2977 279.169
88.2979 278.621
89.3375 278.504
89.815 277.554
90.5479 276.596
90.2914 276.201
92.0034 276.233
92.5846 275.297
92.395 274.266
92.1647 273.921
92.6564 273.135
91.3446 274.132
90.6784 274.103
89.5353 274.002
88.3812 274.047
-30.7183 287.608
-30.2372 287.179
-3.47532 288.044
143.169 288.038
78.3014 285.958
78.3652 285.227
77.9353 284.599
77.3127 284.466
75.2888 288.333
74.889 287.326
76.3066 288.243
77.5969 287.94
77.2006 286.826
78.3071 286.775
76.4799 285.724
75.6018 285.028
2.66356 288.709
2.66146 288.076
2.76134 287.314
2.37838 286.92
-21.1698 288.968
-4.96355 288.912
144.45 289.145
221.745 289.262
222.026 288.677
222.647 288.057
223.419 287.928
13.2321 289.432
12.2499 288.48
12.3534 286.573
12.5726 285.787
157.376 289.391
157.81 288.496
157.17 287.612
156.277 286.864
155.863 286.416
154.663 286.626
157.815 285.983
158.495 285.892
74.5564 289.745
73.9501 289.28
158.182 290.051
-7.7994 289.982
141.398 290.133
147.808 290.338
147.054 290.228
146.984 289.415
146.993 288.635
148.335 289.344
147.978 288.253
148.256 287.466
147.463 286.169
76.9228 290.655
78.8299 290.288
78.0258 289.804
76.3438 289.769
-19.4953 290.393
90.6969 290.652
91.3379 290.262
89.6737 290.303
88.2111 290.405
92.1315 288.938
-1.36699 290.832
211.153 284.236
211.379 284.583
211.578 290.995
212.555 290.45
212.714 289.243
212.906 288.257
212.521 287.011
212.579 285.414
212.195 285.082
211.411 285.692
212.26 283.551
210.692 283.163
210.275 283.91
209.796 284.719
17.6482 290.995
17.4183 290.259
80.0891 291.086
23.2075 291.083
22.2343 289.898
22.2586 287.475
22.3986 284.707
144.903 291.205
143.97 290.963
145.731 290.851
145.918 290.18
73.9698 291.17
75.1386 291.673
0.311396 291.865
-1.14704 291.755
-6.78758 291.788
-16.8785 291.931
-19.3364 291.898
40.4961 291.548
140.729 291.641
92.0842 291.951
141.364 292.498
222.125 292.489
221.415 291.971
221.719 291.124
222.415 290.797
223.523 291.716
223.939 291.231
224.928 291.117
225.213 290.121
224.614 289.205
224.72 288.457
224.801 286.738
225.294 285.594
225.142 284.497
224.284 283.382
224.693 282.463
224.307 281.701
224.802 280.425
223.581 279.923
225.701 279.595
225.298 278.645
-9.66051 292.548
157.094 292.768
-18.3078 292.691
-14.596 292.764
2.56735 292.901
2.56743 291.797
2.671 290.712
2.04303 289.943
-3.08644 293.498
0.524351 293.688
90.0325 293.986
89.7459 292.75
87.943 292.566
87.3688 293.422
-17.9222 294.006
29.0772 294.285
25.1441 294.246
1.97134 294.191
91.8636 294.598
141.779 294.794
142.711 293.639
143.551 292.805
144.597 292.873
222.643 294.809
222.816 293.928
-4.16501 295.025
-7.6631 294.972
-27.8331 295.053
-28.2076 294.809
-19.0864 294.53
20.4378 295.216
20.6583 294.597
21.7944 294.511
23.1723 294.216
18.475 294.38
16.6701 294.601
16.7448 295.154
18.1261 295.357
19.6336 295.528
-30.1864 295.004
210.322 295.522
-19.2622 295.815
2.77745 295.455
88.8915 296.279
88.093 295.597
88.4696 295.029
89.2997 294.85
91.4713 296.388
157.218 296.737
91.904 297.048
2.69841 297.039
157.458 295.651
154.952 294.881
154.986 292.489
157.001 290.841
158.436 297.172
158.273 296.403
156.659 295.243
155.856 295.163
155.164 293.717
154.355 293.157
156.097 292.573
156.461 291.81
154.634 297.467
155.391 297.018
156.185 296.81
156.702 297.522
147.577 297.371
146.883 297.18
147.53 295.473
147.401 294.432
1.56282 297.592
1.15296 296.654
-1.38643 298.398
2.69752 298.222
-16.8272 298.123
-17.4531 297.921
-17.6552 296.414
-17.0213 295.71
-15.6152 296.717
-15.7198 297.194
-15.4676 296.228
-15.8338 295.64
-15.835 295.044
-15.3514 294.695
-15.6446 294.079
-16.1087 293.628
21.9844 297.851
-6.37343 298.889
-7.94808 298.977
156.095 299.284
154.694 298.865
152.152 299.42
152.687 298.794
151.474 297.654
152.262 296.566
80.4939 298.499
80.1678 296.878
-19.3994 299.166
-18.8979 298.411
-29.5941 299.598
-29.4235 298.683
-29.4367 297.85
-29.8131 297.307
78.1619 299.737
78.1785 298.932
78.5378 298.101
78.6799 296.302
78.4304 294.584
78.4982 293.575
78.5974 292.528
77.6075 291.915
76.9136 298.598
-0.428103 300.29
210.796 300.291
209.701 300.336
210.775 299.065
209.945 298.802
85.7251 299.612
84.9082 299.421
86.7054 300.122
87.1198 298.75
87.5214 297.809
88.2228 298.144
89.0556 297.818
89.728 297.457
142.095 300.874
-28.3216 300.571
-27.6884 299.98
140.689 301.173
155.657 300.971
156.175 300.389
154.742 301.141
154.034 300.829
-26.859 301.454
-27.1637 301.125
-6.03492 301.909
-7.60438 302.015
77.1746 301.276
157.128 302.122
157.213 301.316
157.864 301.048
158.259 300.617
158.338 299.978
157.804 299.09
157.314 298.528
157.656 297.982
-0.0610957 302.843
157.64 302.984
85.2275 303.129
85.5849 302.024
84.4759 302.532
84.5225 301.222
-21.9889 303.764
-22.0225 302.715
5.45285 303.917
77.3314 304.109
76.4308 304.284
78.1164 303.146
78.2713 301.986
91.6431 305.093
89.3096 305.11
88.9519 304.48
88.3693 304.259
87.8843 303.089
87.1835 302.679
87.0118 301.524
86.9136 304.04
86.7204 304.738
79.6642 306.193
80.5779 305.932
80.9702 303.789
80.2814 301.974
-0.0642134 306.588
227.267 306.625
226.125 306.235
224.902 306.551
223.274 306.713
221.676 306.532
221.172 303.607
221.103 298.745
222.247 296.268
74.7649 306.89
75.682 306.677
77.121 306.772
77.9295 306.491
155.962 307.072
155.83 306.466
155.157 305.731
154.467 306.201
154.176 304.956
153.836 303.96
154.38 303.023
155.469 302.689
89.4919 306.87
87.723 306.791
206.782 305.804
207.488 303.789
208.358 301.673
211.88 303.363
208.767 303.333
208.443 302.691
209.591 303.303
210.488 303.298
207.438 300.821
208.017 299.64
207.98 298.024
208.118 296.395
208.076 295.319
207.896 293.601
209.083 293.055
210.664 292.75
211.948 292.575
73.423 307.936
140.359 308.058
141.08 307.506
142.679 307.545
144.107 307.525
144.862 307.348
145.042 305.472
145.126 303.152
144.681 302.382
144.864 301.659
145.18 300.503
144.554 300.177
143.976 300.107
142.474 299.996
141.377 299.649
140.543 298.556
140.665 296.433
78.4586 308.902
-5.52703 308.872
73.9941 309.032
84.8833 309.367
84.7044 307.922
84.8831 306.382
85.0486 305.533
90.1628 309.456
-12.7908 310.176
-25.5815 310.085
-26.2232 309.238
-26.4299 307.916
-26.4577 306.654
-25.7235 305.636
-24.9475 304.396
-25.1765 303.238
-25.6851 302.097
-8.65177 309.96
-5.45643 310.827
-5.55847 310.275
-6.37215 310.271
-6.79553 309.301
-7.48736 309.577
-8.39437 309.381
87.0431 310.634
87.0973 309.772
87.8751 309.613
88.3077 309.224
-0.0489358 311.161
-2.33644 311.248
89.0563 311.371
154.056 311.267
154.948 310.366
153.959 309.365
154.496 308.202
-12.2364 312.47
225.029 312.62
-26.4604 313.225
-26.495 311.951
5.18088 314.039
208.365 315.413
73.8787 315.511
75.1046 315.234
75.8455 314.788
76.4613 315.285
76.8553 314.384
77.9272 314.409
78.132 312.908
77.6379 311.911
76.5842 312.074
76.6261 312.634
75.8175 311.895
75.4196 311.022
75.0134 309.647
75.2775 308.725
75.8879 308.611
76.7722 308.486
157.699 307.238
156.792 315.621
155.156 315.486
153.726 315.209
153.742 314.184
155.134 313.801
157.176 313.531
157.787 312.72
157.58 311.78
157.767 311.119
158.455 310.882
158.713 309.849
158.165 309.452
157.702 308.953
157.317 308.297
218.479 315.504
218.878 314.676
218.163 314.037
218.664 312.02
86.9576 315.725
87.0759 314.943
84.6596 315.69
83.9066 315.126
84.4678 313.373
84.944 314.063
140.293 311.314
141.011 309.686
139.786 315.481
140.163 314.068
142.285 312.804
144.557 313.522
157.97 316.648
158.757 316.367
24.7636 316.998
22.672 316.932
19.0572 316.979
16.021 316.756
15.5524 314.637
15.6807 309.973
15.9008 304.975
15.9277 301.55
15.9862 299.164
16.1972 297.273
225.826 311.668
225.7 310.513
226.481 308.613
224.543 310.998
224.675 311.708
225.737 316.454
225.354 315.467
225.286 314.134
224.381 313.89
155.197 317.082
142.1 317.58
144.54 316.933
144.128 315.92
141.751 315.869
-14.7543 317.214
-15.3317 316.779
-19.239 317.472
-18.5119 316.631
-18.1451 315.883
-17.8204 315.104
-17.9218 314.035
-18.2849 313.124
-18.8655 312.668
-19.2519 311.816
-19.2945 310.923
221.247 317.232
222.793 317.744
222.344 317.146
211.061 307.609
209.014 307.29
210.954 317.901
209.581 317.813
210.945 317.079
210.426 315.896
211.08 315.207
211.246 314.291
211.091 313.494
211.336 312.749
211.297 311.015
210.632 310.039
210.609 308.805
209.224 309.709
225.565 318.435
139.672 318.07
157.674 319.404
157.821 318.649
-0.0557531 319.97
-2.13643 320.062
-11.3064 320.498
86.2093 320.793
78.1136 320.848
-10.8753 321.091
156.192 320.79
156.545 320.045
-6.06598 321.284
-7.50492 321.456
-7.17128 320.732
-8.4771 321.418
221.175 322.268
222.301 322.176
221.642 321.377
221.474 320.37
221.698 319.57
223.177 319.575
224.296 319.271
224.537 318.123
224.43 317.21
-10.3943 322.459
-10.0579 321.538
-10.1928 320.044
-10.6492 320.005
-9.18992 319.314
-8.20883 318.98
-7.73834 318.308
-8.55593 317.305
-6.55974 319.105
-5.90996 319.562
-9.15242 316.711
-10.2679 317.489
-9.98679 318.072
-10.3043 319.006
-11.5165 317.672
-12.6444 317.68
-11.9511 317.128
-11.8975 316.544
86.4342 322.354
153.821 322.461
153.721 321.365
153.335 319.355
154.153 318.183
224.361 323.097
223.811 322.364
156.55 322.976
155.772 322.38
-11.2083 323.425
222.985 323.679
-11.9153 324.013
-5.62436 323.748
-4.65735 323.694
-6.23841 322.985
-6.74566 322.835
-1.00574 324.203
74.7236 320.734
76.7985 317.851
73.5551 319.337
72.7388 317.472
74.596 320.958
74.5552 318.904
73.2583 321.452
74.3449 320.693
221.425 324.276
221.528 323.459
155.201 324.686
140.768 323.858
141.536 321.523
141.368 319.978
140.387 319.549
-0.611928 325.127
86.4386 324.764
86.6457 323.977
87.4391 323.799
88.3552 324.201
88.8831 324.621
89.9768 323.873
90.8335 324.299
90.3066 325.007
91.4036 323.708
91.066 322.489
91.475 321.044
91.0228 319.608
91.6294 319.031
91.8255 316.856
91.4318 313.227
91.2216 311.033
75.5904 324.645
76.4653 324.841
74.638 324.635
74.3208 323.817
-9.38643 325.898
89.0406 325.854
223.741 325.488
224.101 324.631
221.591 325.536
-2.36792 326.274
84.5802 326.077
83.9442 324.905
84.3051 323.218
84.4735 322.392
-7.85191 325.961
-7.44938 325.479
-5.83939 325.079
-5.51939 325.464
-10.1929 326.678
-10.614 326.017
-11.1072 325.1
-11.4955 324.607
221.18 327.005
155.295 327.323
142.376 326.443
142.045 325.724
143.048 326.975
144.073 326.769
142.341 324.921
142.924 324.446
143.922 325.141
143.993 325.764
-13.58 327.305
20.5042 326.876
88.5802 327.487
88.8056 326.816
12.1311 327.778
11.4702 327.262
11.4848 324.458
12.3703 323.904
225.483 327.499
225.454 326.317
151.212 327.538
151.317 326.365
151.051 324.801
151.801 324.086
208.752 328.245
-2.92811 328.083
155.13 328.244
1.71078 327.676
1.07059 327.547
1.86752 326.143
1.81234 325.001
1.80682 323.85
1.39988 323.092
1.74143 322.603
1.64201 321.565
79.2852 326.145
79.3496 328.523
79.9942 327.067
79.9978 325.067
79.2257 324.671
223.044 328.66
222.783 328.057
222.429 327.395
222.292 326.707
218.607 328.252
219.584 328.444
218.981 327.44
219.415 326.83
218.035 327.881
217.967 325.895
218.325 324.282
218.944 323.716
140.831 328.767
141.372 328.023
208.664 329.198
153.149 327.264
153.487 325.323
1.15074 329.483
-9.19878 329.587
156.681 329.56
156.431 328.868
157.121 328.341
157.147 327.434
156.796 325.52
156.009 325.756
156.78 324.558
157.803 323.86
144.31 329.778
144.262 329.28
143.107 329.686
142.968 328.737
223.658 329.64
146.182 330.473
-8.96051 330.667
1.84049 330.66
74.8235 330.236
75.0207 329.572
75.596 330.168
76.4613 329.732
77.2006 328.91
77.555 328.127
76.5483 328.165
75.5088 328.122
146.042 331.464
72.7017 331.204
72.974 329.875
73.2603 328.066
72.9902 326.38
-19.7761 331.481
144.682 332.28
143.982 331.592
143.254 331.828
142.464 331.591
142.038 332.096
-8.73694 332.73
11.5817 332.688
10.8382 331.965
10.9625 329.917
11.7484 329.03
-19.7057 332.698
84.2246 332.744
83.5593 331.796
84.104 329.994
84.5126 330.75
73.9839 333.19
75.1766 332.702
75.4273 332.301
77.15 332.517
1.61717 333.313
1.87047 332.576
2.82945 332.773
3.61428 332.456
146.253 333.317
146.924 332.989
147.332 331.426
146.584 329.742
153.052 333.511
208.395 334.161
3.58807 334.99
73.9636 334.831
72.9091 334.088
-14.1864 335.232
2.11378 335.094
1.22941 334.789
208.672 336.095
209.144 335.711
4.80274 336.221
213.541 336.462
213.74 335.703
214.053 333.903
213.351 332.727
-9.11977 336.604
-8.32027 336.241
153.574 337.192
153.438 336.767
156.32 337.104
155.65 337.209
157.122 335.884
157.237 334.976
157.204 333.734
156.376 333.221
155.639 332.823
155.881 331.214
140.633 337.497
140.821 336.818
140.479 336.19
140.669 335.366
141.091 334.346
142.245 333.96
143.436 333.449
144.018 333.707
85.8088 336.975
86.5046 334.833
87.156 336.932
87.5198 335.951
206.475 336.166
207.065 331.488
208.786 330.236
211.103 330.538
211.103 329.575
210.488 328.436
211.207 327.405
211.345 325.849
211.003 324.623
211.388 323.436
211.54 321.687
211.107 320.443
208.692 320.173
208.049 318.506
207.934 317.169
208.745 316.419
155.307 338.782
145.954 335.147
146.758 336.261
146.282 338.556
146.24 337.324
155.901 339.384
210.613 339.865
156.406 340.156
150.923 339.726
151.544 338.43
150.888 337.081
151.174 336.086
208.981 340.059
208.021 339.246
84.1613 340.528
83.2179 339.776
83.2356 337.651
83.9756 336.623
205.91 340.866
74.7761 341.123
142.546 341.076
142.88 340.033
144.111 339.699
144.589 339.05
141.722 340.423
140.96 340.437
140.873 339.671
140.47 338.654
224.508 341.176
223.262 340.655
222.381 341.046
221.832 340.225
220.892 340.823
220.408 340.16
220.7 338.83
221.506 338.359
222.585 337.824
222.231 336.785
220.909 336.576
221.071 335.191
221.154 332.978
222.15 333.166
220.846 330.84
221.316 329.929
-3.02628 338.575
-2.14272 338.05
-1.9296 341.22
-2.86873 340.69
-4.34405 341.091
-4.6553 340.506
-2.16264 339.693
-1.50354 338.942
-3.43107 339.617
-3.47984 338.977
197.994 341.875
142.032 342.074
11.6684 342.185
10.9519 341.395
12.5708 341.983
12.8717 341.282
10.8965 339.148
10.884 336.629
11.2932 335.389
12.2131 335.24
143.857 342.343
143.228 342.074
226.539 343.067
225.074 343.312
224.62 342.892
206.441 343.286
205.943 342.486
205.819 341.968
205.538 342.802
205.039 342.528
204.248 342.236
203.659 342.348
202.665 342.199
200.946 342.112
143.681 343.291
207.23 343.64
155.196 343.841
155.652 343.228
155.915 342.253
156.002 341.407
86.2161 343.9
18.9778 343.27
16.1657 342.777
14.7441 341.227
14.828 336.267
14.8994 333.126
14.9944 329.988
15.363 327.05
15.3838 324.953
15.915 323.616
18.0306 323.094
15.699 321.237
17.3121 319.943
21.5472 320.079
25.0592 319.91
25.5563 318.586
26.0222 317.483
213.106 343.887
213.908 343.382
214.036 341.234
213.143 339.869
142.606 344.38
90.0113 344.375
226.732 345.023
146.133 341.681
145.847 341.995
146.167 344.656
145.941 343.605
146.056 340.959
147.038 343.101
146.557 340.749
88.8494 344.655
88.8999 343.706
210.404 344.763
209.39 344.536
210.877 343.759
210.879 342.727
210.419 342.18
209.68 342.257
209.076 342.728
208.81 343.289
141.26 344.981
141.175 343.866
141.278 342.875
141.084 341.959
157.442 346.044
156.684 345.402
157.197 345.048
142.032 345.932
140.975 346.16
4.52799 346.102
144.176 346.022
143.942 344.583
19.5312 346.296
18.1634 345.954
16.8493 345.751
16.9839 344.268
142.836 346.089
151.464 347.198
83.5456 346.222
83.7673 344.156
83.2308 345.509
83.7117 345.417
83.4821 344.366
23.3366 347.144
156.09 346.972
72.883 347.201
76.3065 347.423
77.0375 346.643
77.2556 345.642
76.6236 344.822
77.1064 343.838
77.0086 342.603
77.0886 341.508
76.1239 341.066
76.3221 340.464
75.8383 339.376
75.8904 338.617
76.2632 337.978
76.73 337.25
76.7958 336.193
77.1746 334.925
76.5457 334.387
85.6691 340.429
88.7178 347.833
87.2771 346.566
86.9011 345.257
87.4796 344.649
87.2818 347.384
85.7476 347.162
85.6637 345.228
85.5418 342.59
88.8235 341.562
89.4391 340.757
90.2377 339.659
90.2543 338.299
90.486 337.36
88.8527 336.586
89.7256 336.036
90.157 334.751
90.7741 333.487
89.5015 333.076
87.8326 333.003
86.5924 332.988
91.0026 331.985
89.8625 330.685
89.4482 330.011
88.9029 328.918
87.8265 328.353
87.1263 327.813
86.3836 327.508
86.2298 326.239
86.0512 341.823
87.0261 342.721
87.5116 342.964
88.0869 342.752
196.52 344.362
155.449 348.175
90.6261 348.348
222.592 348.4
223.645 348.011
224.295 347.32
225.305 346.901
150.937 348.385
150.3 347.416
150.598 346.18
150.758 345.125
24.9091 348.537
22.4879 348.886
208.514 349.398
206.873 349.313
89.9161 349.573
88.9236 349.359
87.3233 349.374
85.8302 349.25
72.2267 349.611
73.5226 349.136
75.0087 349.16
76.4231 349.05
141.19 349.41
141.036 348.539
140.645 349.652
139.739 349.179
141.909 348.133
141.238 347.288
143.06 348.158
143.472 347.548
154.59 350.208
155.656 349.905
153.287 350.066
152.714 348.835
153.18 347.839
152.896 346.485
154.116 345.688
154.283 345.753
154.861 345.198
154.036 344.405
153.313 344.109
153.345 343.227
153.078 342.034
153.943 341.727
153.132 340.37
153.663 339.208
72.2879 350.528
222.091 350.859
220.158 349.905
220.304 348.148
220.762 347.378
-4.16857 350.905
90.2724 351.519
90.6091 350.706
205.573 351.829
208.532 350.983
210.947 350.491
210.401 349.443
78.4679 353.111
79.1448 352.513
157.481 352.78
156.82 351.34
156.6 350.533
156.786 349.529
4.34452 356.013
78.9396 356.291
79.6873 355.117
154.444 356.29
154.002 355.157
154.393 354.266
155.284 353.898
-0.834153 356.77
209.814 357.211
-5.01992 356.599
-6.45184 355.957
-3.40226 356.164
-2.70538 356.98
-7.11644 354.942
-7.18343 353.682
-8.14262 352.682
-9.25377 351.648
-8.71378 350.693
-9.08914 349.714
-8.77642 348.537
-7.94974 347.607
-7.2833 346.538
-8.43643 346.259
-7.09441 345.161
-6.81464 343.941
-6.49019 342.857
-6.63608 341.37
-7.23495 340.337
-7.01123 338.835
-6.33648 338.464
-5.44754 339.737
-5.85449 338.137
-5.16027 337.538
-4.14961 337.084
-3.3 336.582
-2.43132 335.767
-1.85184 334.907
-4.5958 335.087
-5.67552 334.759
-6.38285 335.172
-6.61095 335.896
-6.98643 352.498
-6.66144 357.23
207.801 357.145
207.706 355.906
207.521 355.034
206.164 354.551
208.486 355.158
209.827 354.885
209.934 355.535
210.475 356.383
220.437 357.328
219.947 357.166
-5.63571 358.185
75.5397 359.084
86.4269 359.292
-4.21236 359.83
140.981 355.748
141.811 355.127
141.943 359.042
142.196 357.445
142.557 356.172
143.954 357.023
142.058 354.751
140.166 354.818
142.858 354.279
143.597 352.921
143.674 351.246
144.148 350.51
143.309 350.26
142.752 350.052
212.954 359.887
213.613 358.987
213.582 356.737
212.967 355.709
142.08 360.19
-9.25309 360.26
-11.305 360.423
141.022 360.79
140.04 360.364
139.379 359.769
208.752 360.923
206.134 360.547
207.224 360.185
208.025 359.743
208.839 359.419
86.3951 361.048
-2.6393 360.82
-3.18922 360.296
-9.83643 361.368
88.2052 361.407
88.1882 360.591
210.792 360.831
210.202 359.869
210.432 359.169
210.104 358.468
155.234 361.936
152.736 361.566
152.359 360.521
152.527 359.517
152.797 358.474
153.326 357.616
154.979 357.787
156.163 357.529
156.79 356.89
-15.1989 362.111
-3.78009 362.283
220.222 362.144
219.66 362.014
206.242 362.297
206.881 361.761
78.8333 362.147
79.4993 361.534
79.6925 359.786
78.9392 358.437
75.2896 362.365
75.0951 361.617
74.2311 361.634
143.984 361.521
143.837 360.145
143.528 359.045
142.873 362.679
143.464 362.258
75.9623 362.846
154.921 362.71
154.113 362.076
154.768 360.996
155.012 360.336
207.747 363.524
90.1056 362.025
89.9926 358.623
88.5333 357.798
86.9859 357.943
86.514 357.515
85.4523 356.225
86.5934 352.79
89.0295 352.451
-37.368 363.365
-37.4745 362.717
-1.37629 363.915
72.2082 360.238
74.4281 364.364
74.1485 363.789
73.8715 363.135
73.1904 362.607
72.6216 361.853
73.189 361.044
-23.6626 364.827
156.431 364.94
-11.4726 365.298
156.214 365.448
-3.74477 365.207
87.5921 365.228
86.1974 364.814
87.347 363.924
88.2292 363.199
75.0133 365.392
75.6136 364.761
212.867 365.558
212.127 364.994
213.376 363.371
212.915 362.29
101.214 366.198
2.94487 365.979
4.04886 366.003
2.55523 365.379
2.56978 364.68
-1.21027 365.791
-2.32668 364.821
0.00835071 365.743
-0.329973 364.321
0.749419 363.646
0.7465 362.514
0.760094 361.764
0.755437 361.094
-15.5743 366.372
208.889 366.453
-17.6757 367.056
-2.243 366.972
92.8991 367.628
91.6392 366.821
90.3329 365.709
-9.07362 367.72
-11.8433 367.805
20.9707 367.98
15.6438 368.053
14.1802 364.097
14.3562 357.989
15.4777 350.619
68.9636 368.598
71.6573 368.62
72.4247 368.153
76.5066 368.175
75.2899 368.591
76.772 366.875
76.8354 365.538
77.145 362.756
77.2237 358.679
76.801 357.576
75.5376 357.408
73.9395 357.224
73.9326 357.73
73.0835 356.029
73.0466 354.138
73.1427 352.98
73.539 352.277
74.3931 351.736
74.7239 350.947
24.5675 368.68
-0.369632 368.144
-1.03881 367.808
-13.3304 368.612
221.808 368.658
220.336 367.373
221.017 366.83
221.283 365.109
224.189 364.891
225.123 361.92
224.92 359.362
225.061 357.999
225.109 356.227
224.429 354.6
223.093 354.324
221.798 354.431
220.702 353.481
222.24 352.272
224.543 352.459
225.493 352.199
152.839 368.241
153.813 368.226
66.5612 368.809
180.551 369.161
101.538 369.293
209.538 369.41
210.419 368.978
210.948 368.051
211.015 367.04
210.524 366.314
210.639 365.373
211.08 364.268
209.579 363.339
97.3061 369.319
65.1613 369.436
95.1651 369.709
64.0118 369.506
85.934 369.426
86.5916 369.194
87.6149 368.823
87.7962 368.468
-30.162 369.904
180.342 370.358
100.699 370.315
98.1921 370.64
-1.47784 370.333
-1.66215 369.303
260.365 370.739
96.7584 370.471
94.0407 370.366
66.6562 370.648
66.1093 370.076
-14.4739 370.876
209.01 370.658
208.287 370.201
73.5418 370.893
0.25177 370.546
0.328379 369.705
92.7762 371.087
91.9923 370.787
227.542 371.358
93.485 371.92
-4.79232 371.716
248.46 372.083
247.345 371.696
96.378 372.212
2.29505 372.323
237.734 372.253
239.193 372.37
220.696 372.189
220.574 371.191
220.086 370.12
223.332 369.969
95.6761 372.407
-29.8864 372.448
-29.5743 372.136
243.991 372.337
242.86 371.979
225.546 372.376
224.838 372.166
224.408 371.65
223.631 371.163
222.828 372.391
-23.4031 372.768
236.675 372.677
208.143 372.412
210.327 370.603
206 372.788
206.792 372.587
209.604 372.095
210.364 371.887
235.249 372.699
235.089 372.134
232.094 372.85
1.90278 373.053
-15.1817 372.988
0.266158 373.04
230.455 373.27
230.427 372.457
230.325 371.521
230.078 370.32
180.213 373.04
85.9028 372.924
86.6696 372.536
86.7289 371.627
87.4392 371.029
-16.8718 373.766
221.594 374.115
138.279 373.07
138.375 370.267
139.187 369.356
140.447 369.227
142.396 369.539
143.868 369.097
143.952 367.746
143.684 366.556
143.799 364.668
143.357 363.706
141.76 363.563
140.655 362.889
141.109 364.076
140.279 364.924
140.066 366.131
140.181 367.489
-3.96501 374.513
-9.96593 374.474
-2.04986 374.698
205.035 374.298
-3.182 375.2
-26.5955 374.976
-32.6806 374.935
-32.1618 374.347
-5.89268 375.462
207.472 375.627
182.483 373.581
252.555 375.23
253.267 374.557
221.44 375.813
75.7511 376.061
241.07 375.911
205.702 376.079
83.6458 375.983
83.092 374.758
83.4285 372.702
84.2423 372.5
204.112 376.382
100.604 376.221
99.9279 376.007
86.1136 376.448
11.3616 376.043
12.3433 375.929
10.9869 373.626
11.8431 372.683
-4.16144 376.284
-1.00495 376.474
104.372 376.029
103.644 375.468
105.225 375.834
106.244 376.133
201.82 376.723
109.897 376.531
109.439 376.282
108.563 375.936
108.133 376.134
-7.66918 376.396
180.459 376.359
-33.49 376.31
-33.3173 375.657
245.473 377.099
246.136 376.698
246.909 376.189
247.86 375.966
95.6825 376.904
94.9245 376.651
-26.6448 377.29
-27.6679 377.274
88.0048 375.648
88.5242 373.366
91.4029 372.32
93.0237 377.211
92.6972 376.743
91.9037 376.302
91.1538 375.916
90.2096 375.787
89.2648 375.608
87.5659 374.96
87.3952 374.19
89.2335 372.547
88.4099 372.599
221.64 377.734
-6.23643 377.501
121.539 377.93
131.106 377.822
130.174 377.816
109.389 378.011
-3.92152 377.688
123.605 378.096
14.3965 377.434
15.4358 376.882
16.2264 376.155
15.2966 374.334
15.0949 373.125
14.721 371.711
16.0564 370.939
20.4354 371.049
17.3578 375.881
18.0793 375.071
18.8232 376.03
20.1395 377.083
21.8822 376.827
23.2714 377.308
24.5554 377.065
25.3831 376.182
26.3641 375.319
26.5802 374.412
28.095 374.32
29.4741 374.115
30.7833 374.467
31.9641 373.958
33.5901 373.503
35.1933 373.928
36.6968 374.132
37.6926 374.569
39.09 374.786
40.7536 374.311
42.272 374.442
43.6355 374.351
44.6826 373.819
45.3115 372.531
46.2766 371.744
47.304 372.523
47.8191 373.576
48.782 372.765
49.2029 373.745
50.2858 374.503
51.509 374.355
52.9402 373.794
54.5185 374.023
55.2488 374.901
56.0709 375.054
57.5259 375.092
59.0097 374.541
60.5675 374.259
61.3449 375.205
63.2322 375.867
65.432 376.125
66.5927 375.206
67.3273 375.635
68.4592 375.482
69.8684 375.64
71.2126 376.089
72.736 375.757
74.236 375.145
74.2785 373.921
74.2985 372.842
76.0534 372.701
76.8472 373.22
77.3445 372.204
77.2833 370.771
75.9425 370.7
75.2891 370.049
222.449 378.52
38.8247 378.154
39.4303 377.717
30.0413 378.421
127.502 378.495
128.145 378.021
-2.76977 378.629
134.127 378.733
87.4196 378.788
219.598 378.988
-4.56522 379
136.23 379.086
237.928 378.894
239.695 378.276
240.629 377.438
240.537 376.908
223.057 379.305
27.6592 379.229
138.625 379.553
36.9636 379.562
33.0704 379.505
232.85 379.609
234.651 379.158
-13.3315 379.899
0.993807 375.229
0.112294 375.803
0.459023 379.731
1.9954 379.647
2.85649 379.282
2.11424 377.826
2.51767 376.716
3.5869 376.48
2.51161 375.632
2.13655 374.805
223.826 380.136
175.885 379.369
179.597 379.666
180.52 378.498
174.301 379.454
172.776 378.925
171.732 378.207
170.961 378.015
178.026 379.967
176.972 379.807
171.14 379.652
140.567 380.07
142.036 379.729
143.308 379.304
142.979 378.492
143.035 377.164
143.514 376.242
143.813 375.29
141.164 374.753
-33.092 380.318
-33.2233 379.685
61.2917 380.421
117.625 380.953
88.6608 380.742
-17.7487 381.193
63.3136 381.698
61.8636 381.698
50.3991 381.67
112.806 381.416
112.585 380.985
-11.5031 381.968
157.729 381.353
159.198 381.341
160.598 380.618
160.878 378.965
156.971 381.173
156.841 379.839
155.964 378.793
154.91 378.957
161.713 378.625
162.42 379.585
163.044 380.419
164.444 380.601
166.2 380.775
167.363 379.423
167.143 377.537
168.875 376.323
153.945 378.664
154.22 377.12
153.042 375.908
152.792 374.889
153.818 373.738
154.739 373.105
155.582 371.786
156.497 370.21
156.784 368.984
156.578 367.273
155.769 366.583
157.219 364.908
154.256 365.956
155.185 365.145
153.065 365.969
152.631 364.915
209.053 381.483
208.501 380.407
208.754 379.553
207.035 379.449
210 378.933
209.842 377.674
210.181 376.507
209.138 375.564
205.664 380.278
204.956 379.34
203.845 379.868
202.717 379.85
202.104 381.025
200.55 380.759
199.464 379.952
198.208 380.159
197.383 381.003
196.025 381.103
195.357 380.294
194.233 380.179
192.865 379.873
192.343 380.816
191.54 381.398
190.386 380.667
189.152 380.068
188.434 380.821
187.248 381.374
185.787 380.898
184.379 380.891
183.275 380.104
182.619 379.052
182.296 377.519
-21.5349 382.097
112.087 382.046
142.254 382.298
111.173 382.133
109.664 382.298
137.114 382.588
-32.6769 382.107
-10.9864 382.698
120.769 381.94
121.562 381.733
120.304 381.545
119.833 380.734
119.098 379.975
119.742 379.191
120.822 379.765
121.622 380.284
117.497 378.807
118.289 377.836
119.306 377.726
119.781 377.167
116.64 378.202
116.239 377.553
116.235 376.657
115.769 375.927
112.866 382.808
-28.2087 382.911
41.3326 383.045
41.923 382.23
38.7793 382.922
37.4942 381.78
-5.77049 383.244
-12.847 383.3
-11.576 383.234
140.051 383.578
-29.2977 383.365
192.7 383.798
64.2514 383.659
64.9017 383.243
65.1891 382.532
64.7104 381.83
62.7816 383.658
61.7529 383.662
61.1015 383.444
60.9807 382.652
-12.0531 383.824
49.1317 383.841
50.5334 383.731
48.0273 383.518
47.7811 382.44
52.2193 383.766
52.4093 383.089
53.7276 383.57
54.0161 382.602
171.477 383.714
-10.5864 384.328
171.794 384.465
167.418 384.335
205.765 384.459
93.0241 384.23
93.152 383.12
94.39 382.994
95.8034 382.922
164.886 384.764
-9.5158 384.508
-9.22978 384.003
-20.2646 384.589
141.864 384.948
95.6266 384.875
189.563 385.052
190.256 384.272
-6.71257 385.02
-6.15107 384.582
195.692 384.878
125.462 385.17
-10.647 385.242
196.607 385.074
197.454 385.265
199.093 385.183
200.896 385.175
192.979 385.206
193.929 384.941
-13.3952 385.291
-14.2543 384.684
-15.3999 384.141
-16.201 384.033
-18.4364 385.434
-8.27564 385.512
161.097 386.066
-15.9714 385.858
-15.6023 385.716
176.47 386.405
-9.77742 386.558
-26.1017 386.612
-22.0942 386.707
-22.4827 385.997
-23.1787 385.152
-23.7249 385.054
-14.4968 386.888
-3.1622 386.983
-24.3304 386.805
-23.26 386.94
-16.7738 387.329
134.607 387.815
135.889 387.441
135.244 386.668
214.665 388.5
-24.5462 388.458
-19.1063 388.968
-21.0743 389.661
216.653 389.74
123.453 389.745
-21.836 389.984
13.8101 390.187
3.64875 390.638
213.622 390.436
106.473 391.176
90.837 391.114
92.5591 390.9
94.5266 391.075
96.832 391.147
99.5715 391.158
101.655 391.2
103.032 391.367
104.447 391.25
130.382 391.914
124.592 391.556
214.342 392.165
214.295 391.118
214.875 390.617
215.566 391.075
132.394 392.141
131.653 391.973
133.387 391.871
-28.6022 392.314
105.094 392.71
103.17 392.671
106.955 392.806
143.472 393.069
109.464 393.106
121.094 392.114
121.239 390.425
-15.1351 393.728
83.7358 393.626
96.7136 394.083
127.504 393.051
126.791 392.24
-32.7609 393.839
93.4911 393.924
93.9856 393.461
172.764 394.748
131.59 394.439
131.577 393.839
131.928 393.388
132.647 393.578
130.752 393.604
130.979 393.125
130.029 393.921
129.881 393.048
108.293 394.515
169.469 394.681
169.872 394.099
143.746 394.977
-19.4912 394.963
148.705 394.712
157.913 395.281
42.7936 395.468
142.446 394.977
142.865 394.097
142.112 393.213
141.791 392.033
156.531 395.501
170.676 395.809
130.333 395.884
183.22 395.94
143.509 395.902
135.621 395.931
134.912 395.283
134.062 394.867
133.237 394.875
171.953 395.788
150.426 395.42
150.341 394.206
149.686 393.306
149.669 392.707
160.06 396.095
160.518 395.271
159.703 394.494
159.333 395.174
195.932 396.442
168.856 396.606
-6.75098 396.699
-6.00944 396.431
194.321 396.691
194.313 395.888
194.373 394.663
194.446 393.615
193.27 393.505
193.105 394.721
192.855 395.145
192.714 396.242
132.525 396.937
202.827 395.751
203.363 393.724
204.416 394.057
204.354 395.898
189.428 397.366
8.91977 396.937
7.10566 396.555
3.87252 396.477
1.20709 396.505
199.714 397.598
199.299 396.579
199.174 394.689
198.065 394.21
197.815 395.824
202.055 397.673
-26.0864 397.723
-7.95531 397.385
-8.97128 397.905
-8.45961 397.668
191.736 397.983
224.621 398.498
129.021 398.644
126.468 398.614
192.614 398.748
-10.4698 398.957
-6.96263 399.127
-2.66041 399.142
-1.71371 398.474
-1.58596 397.561
-0.520268 397.816
-2.59267 397.069
-3.22221 396.311
-3.9032 395.332
-4.74133 395.851
158.154 399.232
-4.46643 399.668
171.779 399.898
-7.23643 399.998
9.51357 399.905
9.11406 398.979
92.3229 399.938
92.8105 399.213
93.7348 398.879
94.5884 397.363
188.581 400.053
189.041 399.736
189.596 399.37
189.88 398.762
-6.35844 400.405
162.804 400.116
43.3291 400.415
42.922 399.991
233.542 401.338
148.827 401.244
-4.62583 401.655
-7.97728 401.146
-8.46263 400.912
-29.2341 401.47
-29.6213 400.618
-29.7332 399.743
-30.3112 399.368
202.396 402.042
201.729 402.001
201.683 401.256
201.126 400.569
200.424 400.733
199.883 400.973
198.46 400.904
197.808 401.441
162.908 402.534
-24.247 402.335
171.789 402.73
181.002 402.874
-6.55121 402.854
-7.34996 402.866
202.54 403.367
220.741 402.863
221.633 401.606
223.081 400.269
223.366 398.836
223.357 397.526
223.337 395.29
223.447 391.861
223.555 388.469
223.785 385.321
223.891 382.511
223.88 381.598
224.901 380.889
226.487 380.662
227.868 380.439
229.951 379.968
229.812 379.313
142.415 400.432
136.967 398.871
93.2769 403.674
45.8269 404.998
46.3495 404.213
47.4844 403.309
48.6784 403.429
49.6506 404.023
152.016 405.636
152.432 404.46
152.261 403.14
152.093 401.777
152.359 400.318
152.087 399.027
150.763 398.824
149.675 399.314
149.085 399.652
-3.03643 405.598
210.667 406.033
221.687 405.529
93.6882 407.518
93.661 406.262
180.017 407.897
-29.5311 407.955
171.041 408.342
171.547 408.045
172.091 407.663
172.586 407.256
223.804 408.648
151.394 408.353
150.977 407.448
145.008 409.012
144.212 408.867
145.062 408.429
145.718 408.329
93.7136 409.247
162.67 408.589
161.976 407.823
-28.2153 409.298
-24.4364 409.444
-23.8531 409.44
146.724 409.24
147.658 409.038
148.371 408.832
148.703 407.4
176.496 409.471
41.5023 409.526
201.719 410.051
93.6511 410.173
146.7 410.598
139.107 410.482
137.392 410.45
42.7452 410.252
-25.8479 408.299
-26.5486 409.788
-27.2482 409.148
-27.4168 407.779
-28.3059 407.773
-25.3878 410.534
-25.9595 409.876
-25.3209 409.566
-25.9322 408.918
145.795 410.923
40.4136 411.098
44.0964 410.981
158.886 410.504
158.214 410.689
158.176 409.421
157.461 409.604
158.07 407.838
158.799 407.034
160.086 406.933
160.075 407.705
137.6 411.463
165.757 411.656
162.582 411.473
162.135 410.951
148.903 412.007
169.871 409.019
164.643 409.77
168.92 411.112
169.715 411.127
168.074 409.793
169.056 409.424
166.952 409.369
166.256 408.872
166.446 410.496
166.528 410.99
165.563 408.941
165.081 409.265
139.307 411.973
139.962 411.752
140.44 411.362
141.13 411.192
208.426 411.627
208.651 409.889
208.655 408.112
209.155 407.263
211.846 406.951
216.457 407.157
219.826 407.354
221.885 407.784
166.694 412.428
138.251 412.661
155.424 412.877
145.493 412.557
144.65 412.377
143.767 411.787
142.543 412.052
143.502 410.895
143.59 410.035
142.651 409.857
141.963 410.383
135.938 413.115
166.624 413.179
137.085 413.415
190.784 403.991
179.803 413.172
179.757 412.185
180.204 411.691
179.654 410.691
180.104 410.596
179.838 409.714
180.996 410.46
181.075 409.575
181.203 408.674
182.28 408.502
183.028 407.506
182.958 405.556
183.241 404.086
184.3 403.836
185.731 403.848
186.745 403.936
190.212 403.099
191.596 403.966
193.573 404.042
194.819 403.683
195.807 404.067
196.969 404.3
198.225 404.226
199.684 404.165
199.441 403.536
201.454 404.135
202.297 404.504
202.573 405.367
202.517 406.548
188.73 404.015
190.003 403.517
6.81356 413.998
140.02 414.33
140.38 413.779
141.105 413.12
141.942 413.115
151.166 414.419
151.959 414.77
152 414.37
180.164 415.068
5.35107 415.123
162.002 415.011
161.336 414.7
161.056 414.149
160.501 413.932
208.324 415.135
208.47 414.03
178.845 415.738
175.861 415.839
162.357 415.828
170.272 415.692
171.024 415.868
169.762 414.506
168.988 413.214
169.185 414.315
168.869 415.262
168.158 415.176
167.623 415.38
5.95971 416.118
6.49094 416.077
149.825 416.242
149.626 415.511
150.249 415.662
151.239 415.763
152.143 415.856
152.856 415.188
153.477 414.704
154.471 414.391
155.41 414.355
156.555 413.993
157.338 413.313
158.005 413.285
158.397 412.704
158.743 412.086
159.284 412.42
159.879 412.841
206.797 415.931
207.548 415.352
6.51357 416.998
162.811 416.977
164.073 417.414
148.086 417.486
167.851 417.155
167.14 416.875
7.59357 417.668
170.39 417.55
169.729 417.117
173.792 417.024
174.312 417.29
174.347 415.873
174.608 415.199
180.057 417.847
179.935 417.239
179.519 416.84
179.019 417.301
146.639 418.523
176.729 419.12
145.851 419.139
13.4841 418.051
13.5524 415.257
13.643 411.773
13.7335 408.398
13.7102 405.483
13.564 402.13
13.4348 399.398
13.6388 395.574
13.8754 392.32
14.5218 391.493
15.4186 390.607
16.6585 389.91
18.6088 389.652
20.8619 389.698
23.3488 389.828
28.4748 389.859
34.5378 389.927
38.1258 389.962
40.7145 390.155
46.0903 390.172
52.8076 390.397
55.8249 390.582
57.6824 390.66
60.2493 390.664
64.9992 390.622
69.1747 390.746
71.6171 390.742
74.2434 390.627
78.1297 390.709
80.3546 390.665
82.2287 390.89
85.0546 390.932
163.171 419.551
163.893 419.421
164.563 418.598
165.5 418.448
166.188 418.804
166.522 418.263
166.812 419.422
167.193 419.069
7.64947 419.495
205.236 419.662
206.163 419.241
12.9233 420.392
177.524 420.375
178.321 419.734
179.251 419.119
180.255 418.741
205.062 420.697
202.463 419.052
202.321 416.196
201.442 415.365
200.404 415.791
182.982 420.893
170.538 420.427
169.967 419.388
204.197 422.372
7.59791 422.281
8.07254 421.39
171.163 422.522
170.615 422.592
171.358 421.55
172.273 421.791
173.333 421.874
174.432 421.515
175.103 421.942
175.827 421.957
8.30496 423.464
203.411 423.96
204.318 423.619
202.897 423.702
202.178 423.429
8.60245 424.721
9.18252 425.613
