48.6085 -46.0226
-114.943 -45.6003
49.6517 -44.8328
-112.206 -41.4595
48.9126 -41.3689
-105.535 -39.8043
57.9621 -39.872
48.7768 -39.2189
-7.24205 -38.7201
-169.139 -36.764
-169.497 -35.7601
-114.271 -35.4387
-3.62563 -34.9375
-5.84705 -34.8601
-105.216 -34.5471
299.112 -34.316
48.8 -34.3817
48.5863 -31.9268
298.759 -32.6372
-59.6927 -30.8392
105.227 -30.434
-170.03 -29.8364
-172.341 -29.8962
-169.23 -30.9052
-168.746 -31.981
-114.588 -29.9313
-114.124 -31.3068
-173.753 -29.2289
-60.3396 -28.8676
-5.92187 -28.6076
-5.84326 -30.2281
57.2674 -29.056
-171.877 -27.4285
-52.3654 -27.3326
-49.897 -27.1601
48.0404 -26.7226
152.36 -26.5005
-8.04761 -26.4101
-9.79972 -26.4481
-6.43102 -26.7268
-6.21094 -27.4888
185.804 -26.0058
58.1896 -26.1026
57.6461 -26.2426
-51.1927 -26.4017
-10.8245 -26.486
308.97 -25.539
307.872 -25.7964
307.065 -26.7151
306.441 -28.5588
306.452 -32.2893
306.457 -35.5215
306.487 -38.4276
306.434 -41.0305
185.636 -25.2407
152.811 -25.4963
107.803 -25.3304
169.533 -24.9735
-169.354 -24.9628
183.372 -24.8268
-118.727 -24.7801
-114.657 -24.9337
-114.189 -25.884
-116.243 -25.2139
-117.834 -25.3894
169.184 -24.243
-119.575 -25.4101
-60.3865 -23.9541
104.842 -23.799
44.7279 -24.9737
43.894 -25.7051
44.8205 -24.9431
43.9842 -25.2678
44.0604 -26.9376
44.7411 -27.8462
46.7885 -28.0473
48.6444 -29.2996
152.245 -23.9801
151.806 -24.3935
149.879 -23.6416
242.407 -23.7241
241.971 -24.3615
-5.99049 -23.6046
168.035 -23.4513
193.103 -23.1601
44.3791 -23.1971
45.7029 -23.1413
171.189 -23.3843
170.563 -23.7187
171.897 -23.282
172.402 -23.8025
172.883 -24.1379
173.568 -24.5896
174.425 -24.3517
175.083 -24.5439
48.4174 -23.089
180.508 -23.4155
180.605 -24.3243
181.437 -24.1112
182.235 -23.5965
213.437 -22.9732
214.942 -22.6557
61.7029 -22.5601
190.014 -22.1541
190.415 -22.4476
186.49 -22.4539
185.971 -22.7068
-115.867 -21.9801
-118.077 -21.9956
-105.927 -21.9656
-106.759 -23.6633
223.99 -21.6331
213.45 -21.6089
222.003 -21.4735
223.399 -21.23
113.663 -21.1915
215.107 -21.25
189.125 -21.2448
188.574 -21.8493
188.082 -23.1787
187.818 -24.3335
243.542 -20.8377
182.616 -20.5
113.253 -20.3101
240.803 -20.2247
238.614 -20.4301
181.505 -20.5974
181.705 -21.1361
173.353 -20.469
174.29 -20.6546
172.374 -20.894
171.839 -21.1606
175.088 -21.0718
175.718 -21.4598
176.598 -21.8548
177.069 -21.3391
104.186 -20.7587
104.912 -21.8412
106.032 -22.1383
106.532 -22.9562
103.983 -21.4283
103.452 -20.7065
103.897 -22.8373
103.967 -24.7625
102.54 -20.6638
102.028 -20.9584
101.306 -21.1359
101.046 -21.6099
100.182 -21.6926
99.5793 -21.2123
98.6585 -21.5498
97.9227 -21.349
211.565 -20.1725
61.852 -20.6409
-113.119 -20.4241
-113.265 -20.9874
150.794 -20.2071
-61.3394 -20.1043
-60.7074 -21.1943
-170.676 -20.3696
-169.555 -21.1539
227.667 -19.8397
-117.547 -19.7101
222.766 -19.6316
109.804 -19.8348
109.712 -20.4892
108.532 -20.1782
107.903 -21.1577
-114.792 -19.5451
107.837 -19.2397
229.524 -19.1789
211.681 -19.0305
177.774 -19.1865
177.168 -19.9608
179.05 -19.8629
179.577 -20.7125
4.69526 -18.9819
57.8238 -18.81
57.0571 -21.1478
240.396 -18.7644
240.636 -19.1175
228.568 -18.8871
195.818 -18.8315
194.861 -19.413
168.833 -19.1287
169.485 -19.6287
169.466 -20.6657
169.922 -21.2121
-6.00212 -18.6674
-60.6812 -18.8768
-104.307 -22.3802
-103.872 -19.4714
-104.034 -20.5094
225.415 -18.2591
221.4 -18.1324
221.836 -18.6968
48.4029 -18.2351
214.342 -18.25
186.473 -18.1939
186.547 -19.0019
179.61 -17.917
192.437 -18.1435
193.304 -18.6535
191.703 -18.2536
191.392 -18.9842
191.211 -19.7123
191.14 -20.4509
191.408 -21.1887
191.56 -21.7851
59.6968 -18.5565
59.8322 -20.3453
61.6701 -18.3701
207.147 -17.4967
-53.1785 -17.7903
167.752 -17.6907
167.123 -18.2881
298.996 -17.3959
306.403 -17.1351
212.709 -17.5135
213.093 -17.9102
212.02 -17.9927
211.446 -17.7168
210.298 -18.1802
209.364 -17.8875
208.445 -17.6276
208.034 -17.4078
180.713 -17.4103
181.061 -18.1969
182.217 -18.768
182.773 -18.3935
182.226 -19.0695
181.792 -19.394
180.95 -19.6683
180.451 -19.2226
300.625 -17.083
-60.4671 -17.0101
-49.7195 -17.1038
211.993 -16.8212
-62.4756 -16.5887
43.5272 -16.9212
43.5059 -18.9597
43.6096 -21.0571
44.0479 -22.237
-161.184 -16.1629
-49.7471 -15.8384
298.703 -16.0101
-60.4748 -15.7435
-172.88 -15.4396
-171.925 -15.7332
-170.13 -15.6685
-169.395 -16.39
-169.337 -15.0572
230.9 -15.2999
231.832 -15.4474
230.269 -16.2233
230.082 -16.9888
232.034 -15.9049
233.185 -16.2995
233.595 -15.8595
234.187 -15.85
233.404 -14.9817
43.8768 -15.1355
44.4216 -15.2308
146.699 -14.9359
-52.8979 -14.9347
-51.6809 -14.9499
-119.528 -14.8098
-10.9551 -17.339
-10.7809 -15.6007
-10.7939 -19.7772
-10.9505 -21.9055
-10.8159 -22.3946
-9.91129 -21.322
-10.8012 -23.8323
-10.6056 -25.0135
-114.727 -15.2254
-114.605 -16.3908
-116.07 -15.2033
-118.334 -15.2156
60.9025 -15.1601
-49.6429 -14.4226
97.7542 -14.0709
-8.55539 -13.8254
219.164 -13.9161
239.593 -14.5575
239.528 -16.1388
239.131 -17.5833
-9.54705 -13.6726
143.739 -18.7312
143.058 -18.4222
135.987 -14.0113
135.237 -14.5643
135.675 -15.4804
136.252 -15.35
136.867 -14.1462
137.621 -13.8487
138.559 -14.049
139.482 -14.1551
140.445 -14.269
141.251 -14.5854
141.895 -15.1031
141.624 -16.0892
142.299 -16.5185
142.308 -17.4486
143.311 -16.0066
143.597 -16.6026
144.071 -17.2117
144.828 -18.0502
145.534 -19.2128
144.028 -19.2222
146.077 -19.9939
146.455 -20.6382
146.436 -21.2279
145.585 -20.9219
147.184 -21.5895
147.772 -21.0354
147.802 -22.2208
147.971 -23.0401
134.37 -15.365
134.551 -16.884
135.392 -17.3662
136.201 -17.2087
133.751 -17.4618
132.357 -17.4331
131.391 -17.0047
130.445 -17.0224
129.444 -17.1625
128.427 -16.7348
127.045 -16.6328
127.213 -17.3923
125.272 -16.7487
124.057 -17.0786
123.064 -17.2653
122.277 -17.0495
121.206 -16.6085
119.992 -16.5642
119.754 -17.7293
120.016 -18.5176
119.09 -18.9147
119.007 -19.5291
118.376 -18.7268
117.968 -17.7657
116.784 -17.2325
114.663 -17.4124
113.409 -17.0401
112.822 -17.3163
112.49 -18.3595
112.416 -19.5183
111.976 -18.7914
111.131 -19.0982
113.81 -13.8797
113.316 -14.0544
-6.08645 -13.6601
-159.997 -13.4735
236.523 -13.3163
163.005 -13.4897
163.609 -14.1476
162.302 -13.8136
161.705 -14.3513
164.389 -14.5125
165.013 -14.9584
165.073 -15.5653
164.963 -16.1847
165.919 -14.7101
166.514 -14.8978
167.323 -14.8942
167.726 -15.7223
167.766 -14.4377
168.762 -14.5005
169.8 -15.0809
170.469 -15.7601
160.798 -14.6298
160.093 -15.3676
159.129 -15.563
158.955 -14.8788
157.982 -15.6722
157.336 -15.954
156.605 -15.7204
155.492 -15.597
154.343 -16.1272
154.038 -16.7101
153.501 -17.021
152.98 -17.4681
152.499 -17.9432
151.69 -18.1552
150.754 -18.2852
150.261 -18.6113
48.3029 -13.1601
2.29915 -13.9763
-60.5601 -13.7708
-161.355 -13.0694
-192.143 -12.6314
309.937 -12.5997
307.11 -13.161
306.029 -15.1268
306.211 -15.9638
111.303 -12.9506
61.2459 -12.6514
-86.3971 -12.4101
-190.502 -12.4761
314.544 -12.522
239.409 -12.7546
215.027 -12.3637
-137.837 -12.3177
-135.976 -12.2357
-172.533 -12.2392
-170.525 -12.5884
236.132 -12.1735
61.227 -11.9787
-174.318 -12.4408
234.334 -11.7342
13.7453 -11.7281
-52.5493 -11.9276
-52.4192 -12.4634
307.833 -11.5842
238.753 -11.5578
38.2279 -11.4851
-105.59 -11.6229
-104.941 -13.1028
-106.602 -12.7592
-106.64 -15.1407
312.753 -11.3697
57.4787 -11.7238
221.983 -11.459
222.649 -11.8687
-28.4874 -11.4029
-31.897 -11.2801
-152.925 -11.3678
308.764 -11.1879
233.784 -11.374
-26.5345 -11.1345
318.095 -11.0518
225.372 -11.2446
-21.7722 -11.2071
-20.6361 -11.4736
-18.7601 -11.201
-16.0197 -11.1776
-63.6957 -11.1279
-61.5914 -11.4745
-89.3604 -11.0101
-33.3902 -10.8974
-39.6823 -10.9563
-148.674 -11.3759
-149.597 -12.6045
-148.048 -12.277
-146.706 -11.7166
-150.444 -11.9481
-151.817 -12.4083
-153.618 -12.6837
-155.547 -12.3864
-103.547 -10.9101
156.581 -13.3562
157.637 -10.7992
156.736 -11.2176
155.868 -11.218
155.026 -11.4872
154.633 -11.9079
155.018 -12.6491
153.66 -11.807
153.204 -12.3476
157.871 -11.2935
158.338 -11.6052
158.672 -12.0767
159.77 -11.6513
158.4 -13.1353
157.541 -13.2893
33.9537 -10.8013
-104.423 -10.6623
-169.189 -10.7466
-190.398 -11.1046
-114.697 -10.6601
-77.2567 -10.5313
-102.786 -10.5624
211.644 -10.8192
125.416 -10.4119
298.65 -11.1096
298.633 -13.7642
207.077 -10.4984
206.464 -11.4132
123.667 -10.3423
124.045 -10.6915
14.8316 -10.6369
14.4196 -10.9926
-98.0804 -10.1787
-60.3526 -10.3001
-144.46 -10.6674
-143.952 -10.9351
-151.377 -10.4139
-152.267 -10.4456
-25.1409 -10.0688
-68.2776 -10.3205
-134.765 -10.0268
-148.673 -9.94163
-171.74 -10.5355
-171.239 -10.5285
-172.438 -10.4879
-173.242 -10.853
253.34 -9.95117
-5.90261 -9.96808
-101.047 -9.94054
313.062 -10.1792
311.924 -10.3947
311.045 -11.1316
310.318 -11.2637
-102.121 -9.67867
-41.1868 -9.95274
-41.9275 -10.4561
-42.9431 -11.3004
-45.1009 -11.346
-47.7169 -11.3757
-49.1161 -11.9726
-49.4099 -12.6596
-49.5207 -13.561
-43.6645 -9.59506
-186.389 -9.60896
-194.14 -9.70721
-193.438 -9.78919
-139.507 -9.83287
-140.177 -10.3197
-138.709 -10.0831
-139.129 -11.1037
-140.52 -11.7297
-140.875 -12.2556
-142.076 -12.2375
-144.245 -12.252
-150.169 -9.56515
327.161 -9.51744
326.976 -9.90584
308.814 -9.83439
309.251 -10.2951
208.694 -9.54522
210.163 -9.54416
20.4029 -9.31015
14.5529 -9.26967
-74.1962 -9.48931
-146.098 -9.5696
-146.326 -10.4347
-118.271 -9.49059
-118.534 -10.1956
-117.175 -9.59348
-116.265 -10.4229
251.534 -9.2652
155.385 -9.197
154.684 -9.34705
-36.9827 -9.30727
-37.3632 -9.7433
-37.7143 -10.7168
-38.6151 -11.1105
320.364 -9.45991
319.365 -9.7575
321.576 -9.59668
322.62 -9.69348
318.914 -10.2528
318.928 -10.8719
317.642 -10.0121
317.129 -9.88972
319.87 -11.1139
-67.397 -9.04765
-103.087 -9.10488
-127.369 -9.57374
-128.022 -9.92822
-126.797 -9.69136
-126.779 -10.5287
-101.537 -11.9082
-103.428 -12.3955
-103.951 -12.5435
-103.979 -14.6091
-96.4076 -9.74638
-96.9994 -10.0723
-97.2605 -12.0557
-99.3721 -12.2539
-95.2273 -11.9153
-92.8132 -11.6809
-90.0098 -11.7308
-86.8972 -11.6319
-188.302 -9.15386
-202.256 -8.97265
-201.107 -9.00999
-36.1528 -8.91417
-42.5924 -9.09594
-78.1304 -8.97681
-189.957 -8.88402
-197.392 -9.62492
-198.735 -9.01369
-146.813 -8.88113
-101.037 -8.73729
-175.661 -8.72962
-177.557 -8.83224
-174.547 -9.4852
-174.348 -10.8101
207.223 -8.79201
15.9417 -8.92051
15.4534 -9.79149
-25.2188 -8.47297
-168.597 -8.82711
310.653 -8.41015
258.863 -8.76015
-155.237 -8.61385
-157.654 -8.69004
-154.544 -9.58183
-154.711 -10.8946
221.335 -9.34808
19.4956 -8.74852
19.6266 -9.69443
-31.4083 -8.96206
-30.6117 -8.799
-29.7083 -9.26688
-29.4508 -10.2252
-65.9253 -8.55374
-66.3864 -8.60148
-66.4531 -9.47429
-66.849 -9.80749
-132.883 -8.4575
-135.889 -9.48594
-130.735 -9.97695
-129.75 -12.1496
-144.822 -8.55232
-143.416 -8.56439
-142.895 -9.15779
-142.785 -10.4733
138.04 -8.21015
-114.234 -8.31664
-171.358 -8.32584
-8.02084 -8.33445
-7.5478 -9.3301
-7.70159 -10.6345
-6.72994 -11.2166
-151.493 -8.13371
320.188 -8.18675
45.7641 -8.47126
-90.7444 -8.05895
-89.2579 -8.04303
-92.6545 -8.31191
-93.6608 -9.22336
-88.4192 -8.11038
-88.5895 -8.88257
-88.0939 -9.77706
-88.8769 -10.3935
-122.255 -8.2812
-120.343 -8.79411
-119.753 -11.3631
-116.819 -12.1092
-123.655 -8.47788
-124.088 -9.77662
-124.116 -11.6598
-125.668 -12.1522
318.841 -7.95521
318.465 -8.53535
317.455 -8.12549
314.412 -8.47869
315.475 -9.72713
314.223 -9.68119
314.731 -10.912
241.918 -7.96455
240.929 -8.18812
101.922 -7.8539
59.6593 -9.2671
48.4029 -7.86015
5.26571 -7.99206
-17.9209 -8.28757
-17.3619 -8.26107
-18.5858 -8.69078
-19.0557 -9.2374
-85.1937 -7.87348
-83.9679 -9.05717
-85.0934 -9.2857
-86.2953 -9.62775
-83.7898 -10.405
-83.1895 -11.7113
-82.1363 -11.9916
-79.5225 -11.6358
-75.0324 -11.8006
-72.8795 -11.3847
-69.8671 -11.6519
-66.1221 -11.4561
-72.5664 -10.7265
-72.3469 -9.90625
-72.1637 -8.8952
-72.8953 -8.37348
-59.8359 -7.73237
-117.503 -7.81719
-116.302 -7.96119
-181.854 -8.07389
-182.722 -8.2198
-181.176 -8.59045
-180.63 -9.28783
-186.542 -7.95714
-185.863 -8.36855
135.531 -7.85801
135.107 -8.78136
-97.0643 -7.67373
193.348 -7.72047
190.89 -7.84903
-46.2627 -7.66603
-45.7128 -9.8354
-48.0224 -7.5441
-49.7416 -8.32471
-49.9804 -10.2688
-184.963 -7.57899
-23.6453 -7.58219
-23.9026 -7.9457
-22.211 -7.7656
-21.8554 -9.03468
236.879 -7.5321
195.84 -7.80601
196.963 -8.33644
-5.41992 -7.3865
-67.997 -7.36014
245.215 -7.19078
246.148 -7.59147
243.95 -7.36603
243.111 -7.51674
246.749 -8.06892
247.427 -8.5493
247.961 -9.05236
248.434 -9.4486
216.099 -7.54872
214.963 -8.78729
217.078 -7.9397
219.138 -7.97955
200.331 -7.26963
198.404 -7.41183
133.447 -7.15658
-42.4471 -7.11015
-63.522 -7.23628
-62.9372 -7.81996
-63.578 -8.43454
-64.0415 -8.64793
-62.6962 -8.45685
-62.2705 -9.07783
-62.3197 -9.74813
-61.7501 -9.82784
137.71 -7.01701
315.75 -6.91076
249.203 -7.04271
248.609 -7.89718
250.084 -7.16709
250.507 -7.42311
17.5393 -7.01477
20.3903 -7.19185
14.8287 -7.37512
14.8471 -8.25552
-14.8214 -7.96349
-12.6871 -7.29098
-11.5101 -7.36898
320.585 -6.81014
321.304 -7.0627
318.161 -6.94015
256.707 -8.1056
254.001 -7.57389
253.184 -8.60327
255.369 -7.03406
255.558 -7.77015
154.593 -6.82523
25.7486 -10.8865
28.848 -10.6986
23.4016 -7.08863
24.4457 -7.5616
24.0964 -9.27765
24.4751 -10.3971
23.5817 -9.03269
22.705 -9.67514
22.5034 -10.4347
20.9603 -10.8563
-8.91783 -6.9054
-37.7721 -7.2034
-37.2451 -7.75181
-38.948 -7.57621
-39.337 -7.25644
-36.1394 -7.7779
-34.6572 -7.80049
-33.9994 -8.50587
-33.7899 -9.67511
319.403 -6.78406
317.02 -6.74515
36.4912 -9.55391
35.5647 -9.13049
35.1045 -8.42205
35.0909 -7.41596
38.7247 -7.01729
38.6912 -7.97126
39.5483 -7.03638
40.5211 -7.42034
41.3169 -7.18111
42.1552 -7.49215
42.8417 -7.74938
43.0122 -8.76463
38.8964 -8.88074
39.516 -9.46805
39.3047 -10.4472
37.9071 -10.6349
40.9551 -10.5179
41.5073 -10.159
42.6979 -10.8393
46.0578 -10.6901
28.9379 -7.03759
28.5284 -7.81508
31.9069 -6.9445
32.6983 -8.4011
11.4759 -7.47781
10.756 -8.04045
12.3482 -7.8078
12.6069 -9.03662
12.4836 -9.25803
10.9225 -9.00019
10.6465 -9.5512
11.1277 -10.5759
9.65064 -11.1011
8.28684 -9.75957
7.6755 -9.17534
6.3785 -9.4457
5.04386 -9.92166
4.50136 -11.1035
4.12623 -11.3694
2.73156 -11.2099
314.318 -6.84276
313.553 -6.46015
160.604 -6.99047
159.39 -7.87559
161.669 -7.46506
161.897 -8.49065
158.177 -7.96507
158.083 -6.97362
156.73 -7.54009
155.944 -7.91541
134.871 -6.72609
36.3022 -6.7863
37.0546 -7.04248
298.523 -7.24241
84.7136 -6.37297
45.4756 -6.42492
323.021 -6.45728
312.133 -6.44267
321.467 -6.20576
222.479 -6.74588
221.801 -6.89327
223.495 -6.6966
224.686 -7.03754
187.787 -6.11747
187.99 -6.67239
189.03 -6.05348
189.915 -6.14472
186.343 -6.50945
186.113 -7.21488
185.499 -6.24688
184.709 -6.92639
310.821 -5.8587
210.297 -6.06014
211.289 -6.79876
212.234 -6.9757
212.717 -6.49713
210.911 -7.7723
209.706 -7.35712
211.776 -8.36499
212.737 -8.43244
317.927 -5.82322
236.66 -5.95539
298.398 -5.56739
237.836 -5.61893
237.449 -6.16113
238.546 -5.92169
238.815 -7.40309
204.859 -6.71768
204.896 -10.3095
203.909 -6.04103
202.541 -6.69423
227.558 -5.74736
228.199 -6.20714
226.953 -6.15719
226.279 -7.0268
226.29 -7.78105
225.814 -8.0261
225.449 -8.59456
225.325 -8.98188
132.615 -5.47856
134.912 -5.61176
136.254 -6.30181
136.592 -6.77877
131.48 -6.18484
130.089 -6.36963
129.192 -6.36181
128.673 -6.08359
235.409 -5.21015
182.619 -6.28775
181.61 -5.99904
180.268 -7.624
178.827 -7.99481
244.866 -5.16984
245.364 -5.60075
225.803 -5.06015
203.363 -5.04015
200.604 -5.07569
147.907 -5.84326
146.997 -6.78193
148.986 -6.42857
149.225 -7.92893
146.945 -8.01746
147.195 -9.55363
147.556 -9.89873
146.724 -10.4673
150.438 -6.12422
150.175 -7.33586
151.954 -6.37597
152.87 -6.11913
151.847 -7.94057
151.216 -8.99062
152.563 -8.37799
153.533 -8.66628
61.8368 -5.46411
60.9774 -5.91633
61.2019 -7.47682
60.9146 -9.18341
62.7683 -5.91503
64.6015 -5.75544
67.2805 -5.88689
67.882 -6.55095
68.7414 -5.62568
69.9616 -6.44948
69.5733 -5.49063
70.7857 -5.47126
71.5066 -5.88206
72.7045 -5.38893
73.6956 -5.47323
74.6806 -5.88908
-136.424 -5.09586
314.003 -5.16878
312.211 -5.14068
313.027 -5.43905
242.249 -5.47695
243.115 -5.52481
240.951 -5.39594
241.187 -6.27783
212.373 -4.95681
-197.996 -5.04427
120.34 -5.1574
119.925 -5.9912
121.395 -6.43316
122.695 -6.37788
120.683 -7.89524
121.517 -8.64515
121.429 -9.48536
120.969 -10.1254
123.692 -6.27627
124.449 -6.48944
125.034 -6.00823
125.824 -6.0861
126.462 -6.49265
126.912 -6.85549
127.446 -7.26079
128.107 -7.35633
255.34 -4.87631
254.366 -4.93219
255.375 -5.46563
255.097 -5.85515
85.3353 -5.03491
86.0822 -5.17125
86.3299 -5.92086
87.5342 -6.11028
88.9463 -6.1733
89.4982 -5.50062
90.3921 -5.86756
91.5195 -5.68797
84.7734 -5.41396
83.6987 -5.4569
82.4083 -5.89777
81.1758 -6.07666
80.4876 -5.54091
79.4643 -5.34271
78.6168 -5.02965
77.7098 -5.18515
92.4131 -6.51907
93.5745 -6.55604
94.2602 -5.97374
94.8927 -6.71052
95.4977 -6.52299
96.6419 -6.45436
97.6046 -6.45014
98.7325 -6.51023
100.586 -6.42949
101.398 -7.02473
101.271 -7.703
101.166 -8.661
101.354 -9.96324
101.58 -11.2283
101.699 -13.6171
101.414 -16.8709
208.263 -4.80372
207.28 -5.07033
209.108 -5.39848
208.967 -6.20864
-192.327 -4.51014
170.606 -5.18987
169.686 -5.02161
171.534 -5.80284
171.779 -7.17138
172.211 -5.64639
173.068 -5.43671
173.356 -6.38301
173.199 -7.31103
104.04 -4.50807
292.701 -4.89903
291.556 -4.4123
292.186 -6.14557
286.12 -4.39086
288.636 -4.46623
280.423 -4.5284
278.774 -4.36799
272.675 -4.56783
269.292 -4.54035
266.62 -4.62851
261.851 -4.9046
71.5946 -4.39348
70.6822 -4.36419
66.4529 -4.23514
-77.5471 -4.21015
335.35 -4.05009
87.4024 -4.24348
63.703 -3.98978
339.389 -4.02971
318.728 -4.56936
317.662 -4.53654
323.099 -4.11085
322.791 -4.68004
322.166 -4.93071
321.526 -4.5526
320.522 -4.62611
319.441 -4.82219
320.624 -5.2803
320.197 -5.80776
241.717 -3.89571
88.5101 -3.98158
331.849 -3.92506
332.944 -3.84903
330.915 -4.05891
329.843 -4.07014
326.805 -4.04246
325.375 -4.3579
-132.258 -3.95715
-130.622 -4.70307
-133.682 -4.67948
-132.932 -5.20479
314.162 -3.9001
42.9703 -3.34548
-81.9469 -3.36892
-80.118 -4.00993
-83.8512 -3.73072
-84.0307 -4.47693
-87.5163 -3.39963
-86.4399 -3.99756
-89.4034 -3.55748
-90.0411 -4.32417
-75.6909 -3.21934
-74.4752 -3.77959
-78.0774 -3.41932
-78.5735 -4.37319
-70.3782 -3.02133
-68.755 -3.88614
-72.1748 -3.18221
-72.669 -3.94613
-196.524 -3.20538
-196.392 -3.82681
221.792 -3.13641
222.545 -3.85669
219.84 -3.26934
218.661 -3.64179
-34.9719 -2.85391
-36.7323 -3.74048
-32.9809 -3.10413
-32.6944 -4.15539
-41.2942 -2.92766
-42.107 -3.91633
-38.9245 -2.97378
-37.6737 -3.31659
-197.585 -2.96712
204.816 -2.92297
206.144 -3.89153
203.123 -3.19551
202.115 -3.63248
253.205 -2.85181
252.393 -3.36075
253.008 -4.01932
253.379 -4.82277
253.353 -5.43046
253.564 -6.22285
252.52 -5.72604
252.561 -6.17529
-27.5827 -2.69249
-26.0639 -2.82117
-28.9761 -2.74581
-29.7641 -3.17681
239.255 -3.09141
237.987 -3.19338
240.321 -3.50753
241.028 -2.47589
237.226 -3.81676
236.678 -3.02744
235.241 -2.82262
233.27 -3.07164
232.881 -3.98295
233.811 -5.12616
232.919 -5.17535
232.09 -5.85602
230.858 -5.83133
230.686 -6.79252
229.752 -5.69756
229.067 -5.47348
15.7138 -2.45773
13.4129 -2.95113
17.0296 -3.07597
16.9508 -4.09785
67.8341 -2.86988
66.8453 -3.203
68.6532 -3.09847
68.5494 -4.1584
65.4356 -2.70165
63.1615 -2.93478
61.7072 -3.19395
60.2131 -3.43803
70.1307 -2.61644
72.039 -2.83942
72.8441 -3.27387
73.8207 -3.09494
75.3783 -3.10735
77.016 -3.17182
78.5949 -3.21785
79.84 -3.43294
59.1035 -4.24487
59.9933 -4.39581
58.1405 -4.97662
57.7212 -6.20892
57.4633 -7.059
57.1655 -7.81813
57.4293 -8.51987
57.7494 -9.35659
58.0761 -10.0453
58.4696 -10.7935
58.784 -11.6502
59.0455 -12.7198
59.3685 -14.1082
59.2376 -14.9287
58.9347 -16.0576
58.6541 -17.2657
251.149 -2.37497
250.404 -2.91326
249.478 -3.79881
248.806 -4.32833
195.234 -2.50489
193.374 -2.46972
196.096 -3.1357
196.03 -4.50035
192.22 -2.57833
191.02 -2.52641
189.794 -2.80223
189.532 -3.99726
39.4095 -2.29309
39.9652 -3.15141
37.4696 -2.23291
35.84 -3.1364
-190.797 -1.18015
84.6201 -0.909034
86.4295 -1.33908
83.1012 -1.34457
83.1215 -3.1611
87.8962 -0.950822
89.7671 -1.92814
89.4688 -3.00111
90.1774 -3.89961
91.4155 -4.00985
93.1907 -4.00237
95.5577 -3.9041
98.5382 -3.85806
100.619 -3.97735
101.696 -4.78669
101.899 -5.57965
102.446 -6.48347
317.354 -0.781811
316.675 -0.875704
-194.147 -0.925159
-193.084 -0.927473
337.056 -0.0448088
325.886 -0.0147403
326.513 0.016043
324.834 -0.228242
324.021 -0.0721808
322.597 -0.0683168
321.093 -0.200204
319.653 -0.299096
318.946 -1.0892
333.959 0.142553
342.266 0.256856
341.05 -0.190212
331.006 0.316589
329.982 0.135886
328.844 -0.0504167
328.018 -0.142977
243.382 -0.0847307
246.429 -0.730591
248.108 -0.245693
248.915 -0.693077
250.16 -0.803441
251.322 0.26852
254.481 0.312581
255.66 0.165342
256.032 -1.495
255.186 -1.99528
257.454 -2.27164
258.638 -2.33261
260.164 -2.35463
261.517 -1.93302
262.642 -2.2852
263.899 -2.29467
265.417 -2.18854
267.088 -2.2086
268.604 -2.0381
270.945 -2.17546
274.535 -2.32797
277.783 -2.28083
280.705 -2.29294
285.519 -2.21279
289.217 -2.18342
290.555 -2.93479
291.67 -2.37919
293.949 -2.26183
295.497 -2.94754
295.534 -4.11978
296.836 -4.06308
297.742 -4.32999
-177.945 0.590471
-124.147 1.18985
-178.663 1.04337
345.929 1.19125
345.098 0.654832
-188.175 1.14775
-188.049 0.536231
-146.038 1.20312
-119.923 1.50652
-190.726 1.60652
-118.361 1.58954
-123.029 1.76578
-186.653 1.40823
-186.61 0.676264
-175.991 1.70455
-194.897 1.9643
-90.5687 1.96152
-189.055 2.0673
-81.4342 2.11165
-132.034 2.11165
-62.3096 2.28985
-85.8599 2.36806
-192.407 2.09642
-33.845 2.56798
-139.432 2.1839
-139.889 1.8841
-187.974 2.41604
-187.42 2.10116
20.6915 2.73635
-126.827 2.58986
-197.011 2.5043
-8.41978 2.70349
-125.52 2.48791
-125.737 2.03817
-130.634 2.71165
-6.34569 2.69156
-111.734 2.27358
78.0029 3.03986
-97.6057 2.74953
-97.8165 2.2141
149.281 2.95011
-195.978 2.6952
-37.9013 2.97551
-83.8292 2.58798
-87.1554 3.15652
-88.0733 2.86991
-128.497 3.13985
-197.628 3.16266
-69.9059 3.02788
-70.0041 2.5411
-15.7971 3.35985
-55.8177 2.92227
-56.248 2.71657
-78.2971 3.3247
76.0623 3.35443
48.6481 3.10367
-28.2124 3.20787
-27.9819 2.74322
-42.1858 3.22025
-41.9705 2.79335
-95.0292 3.40057
139.362 3.16536
-4.95969 3.32802
-4.93177 2.78615
-73.2566 3.53985
103.826 3.55774
225.471 3.69503
198.947 3.55303
-0.45545 3.33329
0.0709835 3.08084
-14.173 3.12125
199.853 3.88985
13.5552 3.37944
-10.7825 3.88985
-71.2276 3.80837
228.658 3.85533
179.914 3.50063
180.414 3.19103
174.553 3.93985
27.4813 3.43422
-18.2647 3.60801
-18.2555 2.87029
-23.6157 4.00064
-59.682 3.92239
-124.629 3.96578
-195.379 3.81529
-198.977 3.52034
48.4887 4.06604
41.7006 3.69114
41.2925 3.45392
-35.0952 4.03245
258.211 4.18553
169.096 3.82167
168.845 3.27178
-192.002 4.11843
319.938 4.24235
286.007 4.18183
55.3089 3.94653
55.3123 3.50289
-9.76018 4.26814
163.603 4.28985
137.24 4.40235
332.62 4.43407
330.392 4.47319
83.0861 3.96474
69.2501 3.94405
162.18 4.27695
162.008 3.74876
97.0873 4.11074
-33.5656 4.47319
288.085 4.58457
197.766 4.61165
176.882 4.66739
176.956 4.11485
146.773 4.31794
147.036 3.73426
31.5625 4.66843
191.934 4.51628
191.776 4.00837
180.303 4.78985
206.652 4.23927
106.508 4.43173
-67.6432 4.91319
-189.434 4.70456
-193.452 4.62986
221.763 4.78935
221.674 4.20805
251.436 4.72567
250.978 4.51881
-195.017 5.27096
233.014 5.35
212.916 5.33216
266.37 5.12858
266.447 4.65695
236.501 4.96099
236.383 4.32915
153.797 5.3574
2.35983 5.17181
316.537 5.44116
280.799 5.24521
280.928 4.77656
278.613 5.52984
-191.003 5.46635
332.69 5.62516
327.039 5.61504
292.054 5.26075
260.691 5.76432
328.844 5.83923
288.903 6.02652
276.461 5.9232
167.134 6.21393
106.264 5.895
-186.918 6.02024
-187.163 5.19191
333.666 6.11016
324.308 5.84176
324.045 4.85714
323.296 4.51509
322.124 4.93462
319.018 6.01051
319.11 5.16112
-67.247 6.38985
325.659 6.17866
284.105 6.29889
293.692 6.22259
331.538 6.96902
-6.22281 7.07318
-14.2543 7.04275
-132.909 6.86082
-143.146 6.79092
-190.508 7.13634
320.047 6.90967
315.708 7.18913
-53.3844 7.19319
-193.61 7.19402
-140.482 7.31934
-140.201 6.85307
-140.438 6.00301
-140.016 5.67097
317.488 7.33987
253.796 7.43005
333.06 7.60125
-1.27856 7.34899
-83.4342 7.51165
76.2029 7.63985
-91.5026 7.65096
281.162 7.73985
73.6964 7.77016
326.055 7.87319
-15.4048 7.88207
-196.538 7.74541
-26.5686 7.88887
-135.804 8.01437
329.853 8.18985
23.5053 8.18985
21.9715 8.26578
333.569 8.48875
294.909 8.31515
294.371 7.7727
176.195 8.43986
32.8961 8.43005
-94.6176 8.36466
166.334 8.61393
26.1085 8.54779
-143.076 8.32916
228.742 8.43879
214.972 8.72319
-56.3071 8.76652
-144.445 8.36354
-145.698 7.98121
-144.739 7.26918
-145.277 6.53892
-194.012 8.78985
321.989 8.7341
318.926 8.82919
-0.463718 8.98707
-113.62 8.89783
295.267 9.12372
275.847 9.07557
101.993 9.1089
87.7529 9.18985
153.268 9.1711
71.9663 9.38985
17.3926 9.12893
26.0529 9.42319
315.196 9.57557
264.362 9.41662
-65.997 9.65319
-101.097 9.58985
271.64 9.44521
15.5034 8.53101
281.04 9.83988
159.365 9.87735
-143.973 9.72836
-143.61 9.60112
105.693 8.8247
105.652 7.41001
87.2529 9.98985
282.243 9.94486
274.215 9.83863
196.44 10.1024
-19.0162 10.0298
-177.301 9.54198
-177.078 8.16368
-176.608 6.76549
-177.018 5.9241
-80.3182 10.2043
286.231 10.1322
-37.901 10.2049
-93.9313 10.1293
164.005 10.283
-4.7276 10.3565
-74.8137 10.3416
210.553 10.4399
173.617 10.4399
163.243 10.5202
295.463 10.6026
269.003 10.5982
184.934 10.7139
170.453 10.6899
-32.884 10.3723
-114.48 10.6381
226.571 10.6487
156.834 10.8139
283.57 10.6356
182.792 10.5721
-2.89706 11.0399
-9.83423 11.0681
-22.7114 10.9135
-62.2209 11.1041
280.608 11.0298
235.265 11.1399
193.303 11.1399
162.813 11.1132
-149.268 10.8605
318.731 11.2287
314.968 11.0508
272.046 11.1399
177.415 11.2399
-89.9407 11.2319
-94.9035 11.0841
-58.5848 11.3443
285.803 11.3555
281.791 11.3786
65.0688 11.3152
-86.8721 11.2542
-189.384 11.1792
-188.799 10.2425
181.317 11.566
181.703 11.2532
-5.80483 11.5821
-178.894 11.5075
-3.79064 11.7065
-100.153 11.7005
-177.403 11.6332
225.418 11.722
58.5075 11.6096
-115.329 11.7658
-195.728 11.6529
-64.8471 11.9024
-139.659 11.77
-139.629 11.332
-187.447 11.8399
-187.74 11.1232
283.007 11.9001
-111.867 11.9702
-111.91 11.4834
-125.83 11.8624
-125.818 11.3018
-10.0471 11.9715
-9.47161 12.0127
-117.359 12.0599
-146.013 12.1065
-84.0552 12.1138
-145.066 12.2139
220.903 12.3548
204.903 12.4399
25.472 12.4077
-118.559 12.3486
-189.14 12.3532
-192.54 12.2759
-192.972 11.8732
190.746 12.4165
22.5807 12.5246
-70.0932 12.4274
-70.0196 12.0046
-76.1971 12.6399
253.22 12.5551
166.803 12.726
15.042 12.3823
-56.0901 12.5604
-56.0967 12.0695
-90.3866 12.6682
-97.9568 12.2745
-97.8535 11.7202
195.703 12.8399
140.704 12.7604
94.0469 12.8005
-42.1725 12.561
294.949 12.4856
10.6715 12.8658
-28.2979 12.6627
-62.1971 12.9717
317.8 12.8388
317.81 11.9276
200.562 13.0399
-0.207326 12.6925
191.853 13.1899
-34.0065 13.2123
62.2469 13.3005
13.5757 13.0781
13.6443 12.47
-14.6531 13.0052
-14.1527 12.7468
18.1854 12.7826
18.8039 12.5838
17.7615 12.6587
17.1689 12.803
15.903 13.3898
16.3784 12.9673
-6.52563 13.4541
41.2219 13.0675
41.6817 13.231
23.9715 13.4658
315.708 12.8348
314.648 12.6546
313.558 11.4127
313.631 10.3111
28.1357 13.4176
27.3205 12.967
55.3104 13.3034
30.253 13.6399
2.71169 13.3636
-8.09273 13.6386
69.1744 13.5865
69.1121 13.0933
317.52 13.9641
83.0868 13.6048
48.7444 13.7678
79.6994 13.909
45.103 13.8899
1.36406 13.8906
180.534 14.1139
9.54788 13.7925
325.097 14.0753
324.439 13.8129
324.235 12.6204
324.055 10.8851
324.259 9.82884
323.66 9.5295
324.717 9.15257
325.92 9.02652
170.753 14.1399
76.0933 14.0713
47.4768 14.1361
26.2363 13.9454
21.8747 14.0123
20.9484 13.6073
20.5818 13.08
19.9081 13.2306
19.8363 14.3315
340.156 14.3784
241.131 14.3706
200.614 14.3954
144.753 14.4399
138.449 14.451
81.9496 14.4162
293.81 14.3695
96.8731 14.1479
96.986 13.4373
84.28 14.3996
233.435 14.631
135.807 14.4169
104.006 14.3241
104.644 13.9967
164.178 14.8438
256.233 14.9099
218.145 14.9334
341.633 15.0695
176.309 15.0134
146.146 15.0305
146.694 14.858
136.253 15.3399
285.492 15.4459
161.578 15.2305
161.639 14.7124
138.857 15.4036
191.378 15.309
186.249 15.551
168.769 15.5503
206.201 15.6329
206.266 15.0684
328.977 15.7149
328.175 15.3393
292.717 15.911
263.647 15.9005
221.164 15.5508
181.757 15.851
285.122 15.9524
251.221 15.7617
238.287 15.6366
235.897 16.0214
235.869 15.4466
198.848 15.894
265.945 16.1491
265.879 15.5758
316.243 16.0491
280.922 16.1146
264.453 16.4399
291.919 16.3399
228.734 16.4003
228.895 16.0365
258.404 16.5549
316.757 16.8287
288.084 16.7128
334.304 16.7574
332.289 17.111
322.631 16.7144
323.497 16.4936
318.348 17.109
237.715 16.9176
331.55 17.2632
325.005 17.5409
332.937 17.7243
326.878 17.8949
330.203 18.116
335.201 18.1246
-126.445 18.1907
-126.056 17.7958
-125.403 17.8844
-124.622 17.9154
-150.099 17.8828
-150.688 17.1247
-152.379 16.9918
-153.661 17.304
-105.226 19.016
-141.873 18.0815
-143.025 17.4787
-144.038 17.9198
-144.913 18.1456
-142.744 18.8287
-188.127 18.9454
-128.982 18.5796
-129.784 17.8076
-132.042 17.7298
-132.69 18.5317
-106.398 18.8214
-105.882 17.7809
-103.562 18.139
-103.636 18.9831
-40.1727 19.427
-86.6545 18.8294
-85.5027 17.9789
-83.5855 18.042
-83.0673 19.025
-179.864 19.2071
-60.9417 19.4657
-189.318 19.186
-189.535 18.8073
-53.3078 19.6687
-53.4822 18.8516
-52.1914 18.2929
-50.0033 18.1836
-49.4675 18.7559
-48.597 18.7817
-47.3721 18.1753
-46.2023 18.6892
-60.1169 18.9902
-62.287 18.3812
-64.0971 18.9589
-64.4542 19.0819
-65.0656 19.0677
-66.2229 18.3499
-67.8478 18.4519
-68.3043 19.2065
-42.5217 19.0417
-40.4367 18.3926
-38.5568 19.0767
-39.0091 19.6528
-176.819 19.6711
-175.885 19.4355
-174.301 19.7422
18.345 19.3983
18.9285 18.8721
20.062 18.7204
21.6111 18.8577
22.3536 19.483
22.8618 19.747
23.8001 19.193
25.1808 19.43
55.633 20.3199
29.3789 20.3213
54.186 19.7652
55.186 18.9183
57.3881 18.9521
58.1782 19.6122
-73.8774 20.2286
63.0461 20.0861
62.1225 19.1883
60.2151 19.1799
59.1191 19.671
-199.162 20.3454
-199.42 20.0555
31.5569 20.4225
31.9301 19.7488
31.1745 19.2508
30.3011 19.541
29.6467 19.4166
28.72 19.0762
28.0606 19.4745
27.9683 20.1738
-23.397 20.5399
48.9758 20.1612
47.3616 19.2362
45.2349 19.3481
45.0565 20.1285
-71.4611 20.5627
-70.8141 20.46
77.8574 20.326
77.5001 19.3875
75.6677 19.3255
74.1219 19.705
73.4423 19.5204
72.4439 19.4008
71.3991 19.5824
70.2452 19.5387
69.6579 19.9352
70.5073 20.5609
68.9471 20.059
68.4325 20.4829
67.3892 19.4091
65.7177 19.8824
66.1379 20.0834
65.7953 19.8127
-20.203 20.3422
-25.3658 19.8388
-24.591 18.5533
-20.6533 19.0365
-20.8735 18.8714
-132.197 21.6815
173.715 21.6836
-158.876 21.7458
-158.153 21.6594
-127.483 22.0075
-146.645 22.0635
175.046 21.3939
172.551 20.5544
169.783 20.5302
168.999 21.5198
-48.2663 22.4855
205.395 22.2559
205.629 21.3931
207.708 21.1188
209.563 21.9524
-58.2875 22.7055
190.193 21.8553
188.389 20.9487
186.705 21.8866
185.907 21.6621
-125.555 22.8954
240.618 21.8689
242.319 22.1862
300.015 22.7009
300.972 22.0501
302.626 22.0699
303.573 22.1863
247.923 22.3207
248.667 21.868
250.112 21.5041
252.233 22.0372
-60.4243 22.8457
-77.5306 22.5896
-78.0942 22.4286
-79.2334 22.5511
-80.3842 22.4226
-130.665 22.9272
-135.342 22.8571
-135.172 22.4287
-120.354 23.0965
-122.497 23.1753
-198.963 23.2023
-46.094 23.1368
293.657 22.851
294.111 21.8005
295.908 21.6587
297.792 21.6483
-176.704 23.3956
-179.784 23.2353
-181.887 23.2182
-184.227 22.827
-188.619 23.277
-196.528 23.2532
-191.566 23.3604
-192.588 23.2529
-193.444 23.201
-194.662 23.1945
76.7121 23.0456
75.0993 22.9738
-41.6917 23.3974
-61.9533 23.1283
-63.0662 22.689
342.681 23.6482
328.25 23.404
328.522 22.3846
329.833 22.0341
331.674 22.1598
-39.1051 23.5094
266.94 23.5938
72.055 23.7015
112.765 24.0332
109.633 23.7371
26.1291 23.5687
27.4196 23.3951
-57.4407 24.0129
-64.8006 24.0592
-64.5083 23.6338
-43.5503 23.988
-125.585 24.1425
-141.005 23.9774
-141.214 23.2674
-139.897 24.2899
155.91 24.3448
23.1529 24.4399
-158.747 24.4651
-158.743 23.9599
104.737 24.6906
77.9989 24.2264
-48.5137 24.8065
-48.8137 23.9195
-48.187 23.9754
-47.4278 24.3843
-46.8822 24.1565
-62.6412 24.5683
86.3941 24.3686
86.9006 23.8513
72.2085 24.9021
-80.4712 23.9651
-79.5129 24.8335
-79.8572 24.4865
-122.582 24.9125
-58.1226 25.0199
-146.696 25.0604
-175.659 25.1097
-174.792 24.9269
-46.3359 25.2021
-120.318 24.9739
235.273 25.2199
233.945 25.2565
240.679 25.366
237.951 25.2899
-142.558 25.3287
-146.685 23.808
-148.406 23.7722
-148.256 22.3486
-148.004 24.9213
-147.29 24.2893
-148.857 25.3202
-47.4162 25.3584
-135.301 25.4671
-136.953 24.8866
103.583 24.9696
24.7146 24.8313
24.6917 23.8402
-85.5085 25.6118
-125.598 25.5041
-150.694 25.0276
-151.162 24.0056
-152.54 23.5565
-153.389 23.9867
-151.261 23.1171
-151.9 22.5512
-152.978 22.4164
-153.49 22.6779
-176.979 25.3986
-98.7478 24.9866
-99.677 23.795
-101.237 23.4713
-102.183 23.8408
-97.9448 24.9305
-97.4313 23.9084
-96.8341 24.0165
-96.3471 25.0434
-144.337 24.653
303.414 25.8362
-69.4637 25.797
-70.15 25.4317
-70.3605 24.5988
-70.1682 23.5614
-69.5227 23.511
-68.6609 23.0365
-67.6287 23.4392
-67.1256 24.3771
-78.4619 25.8787
-170.962 25.8065
-76.9147 25.9804
-138.213 24.0245
-138.785 22.0025
-139.742 22.4267
-140.189 22.2764
-140.835 22.0131
-142.522 21.7717
-144.385 21.8842
-144.674 22.36
304.227 26.2772
304.757 25.8154
-46.334 26.2304
293.356 26.1823
294.145 25.6571
-63.7209 26.3667
-62.9862 26.1533
-64.1871 25.2261
-64.9956 25.8164
37.0253 26.5009
37.0418 24.8105
-140.359 26.8118
-142.018 26.6933
-145.332 26.6882
-146.61 26.7029
-144.292 26.6322
-143.646 25.7574
-149.73 26.7
-150.733 26.6722
302.085 26.6832
217.599 26.888
247.241 27.0493
247.368 25.8451
248.102 25.5348
248.758 26.3359
249.228 26.6157
249.263 27.2107
249.562 25.605
250.49 25.9638
213.799 27.2565
34.6554 26.672
33.914 25.8272
33.3752 25.101
32.539 24.2804
31.6265 23.5486
30.5208 23.9556
29.4723 23.7428
29.2337 24.693
-27.5409 27.0832
-27.6172 26.4128
-33.2059 25.7911
-33.9537 23.7648
-34.9201 24.2207
-35.013 25.7558
263.203 26.513
156.313 26.6958
156.84 25.2671
158.086 25.2455
158.345 26.5071
159.053 24.9023
160.037 24.4747
161.215 24.6113
162.263 25.049
-64.9332 27.4806
-65.8631 27.3628
-51.3503 27.5268
-51.1695 26.8107
24.4073 27.8258
-154.675 27.6094
-61.5137 27.8911
-62.4245 27.4417
318.172 27.5828
-57.5017 27.6265
-59.7086 27.4446
133.692 27.6037
133.316 26.2649
134.333 25.483
135.428 25.0195
137.213 24.4058
144.02 24.1646
150.96 24.561
154.268 24.9678
108.803 28.126
91.6519 27.6036
91.9741 26.6197
92.7363 26.5107
93.1187 27.4195
-97.6721 27.9648
-49.1027 27.404
-47.5153 27.4147
-44.8384 27.6102
-41.571 27.6836
-38.4557 27.706
-36.0628 27.5714
-119.711 27.48
-122.068 26.9179
-124.315 26.9376
-126.775 26.7355
-127.198 25.7087
-127.608 24.5622
-126.984 24.2793
-127.466 23.3585
-128.362 26.7819
-129.695 26.7837
-130.156 26.0249
-129.946 25.3257
-132.977 26.7743
-135.84 26.9219
-137.382 26.8477
-138.466 26.88
258.859 28.4086
-98.897 28.2899
-170.431 28.3026
223.439 28.1073
-112.496 27.516
-109.898 27.0746
-106.921 26.7693
-104.649 27.0605
-105.983 24.5522
-104.978 24.7572
-105.134 23.1321
-105.574 21.7969
-97.0861 28.6246
109.595 28.3938
109.976 27.5399
108.913 27.0831
108.011 27.5606
109.37 26.4975
109.853 25.6916
111.063 25.3795
111.213 26.5409
105.176 28.7326
105.067 27.964
105.549 27.058
106.282 25.8649
107.148 25.689
107.545 24.6743
106.943 27.3501
106.457 28.1365
262.153 29.0899
155.793 28.1027
154.812 27.7573
295.32 29.1641
296.449 28.9642
296.194 27.9247
296.626 27.0387
297.339 26.3537
298.292 26.2136
298.862 25.6068
299.615 25.9322
300.209 25.7594
259.661 29.087
259.866 27.1387
258.786 25.9387
257.684 26.1722
114.009 28.7832
113.184 28.1322
111.897 28.7533
110.781 28.8243
248.08 28.9361
247.265 28.4611
319.475 29.5202
320.355 28.9293
320.181 27.7513
320.938 27.0356
89.111 27.5786
90.4225 26.869
91.623 29.5899
90.5576 29.0257
279.068 29.6197
233.287 29.6151
93.1757 29.5535
86.464 28.3523
86.8917 26.0198
87.9662 26.6586
87.9971 28.2449
73.7738 27.6643
71.7265 26.4022
71.557 25.9196
70.9544 25.0164
70.8097 23.8602
70.0238 23.3338
68.9863 22.9238
68.3181 22.6936
65.7208 22.7478
63.2284 22.5824
62.3638 22.5632
61.5529 22.3108
60.6578 22.6132
59.5761 22.8263
58.2152 22.7232
56.9213 22.8212
56.2319 23.2019
55.1811 23.0044
55.6255 23.8872
56.0776 24.1394
54.4529 22.6532
53.0907 22.6253
51.6068 22.364
50.3124 22.5468
48.8881 22.7685
47.9523 23.2218
46.7927 23.0396
45.7375 23.3492
45.357 24.175
45.4352 25.9652
45.0442 27.924
44.9982 28.9129
251.689 29.5482
252.625 28.5224
253.255 26.1795
255.452 25.8714
255.643 27.5559
256.203 28.9299
251.39 29.9878
249.323 30.0305
253.463 25.2485
254.196 25.1536
80.3337 29.4723
79.051 28.5871
76.4974 28.6226
76.4218 28.363
-75.1683 29.8811
-95.8982 30.0043
94.2344 28.9444
94.2554 27.3411
95.1347 26.5338
95.917 28.3272
223.23 30.1756
99.2365 28.7934
98.8896 27.0669
97.9561 27.1768
97.6145 29.0374
-155.55 30.1353
-155.091 29.4293
-156.152 29.6835
-156.45 28.7204
-157.054 28.202
-156.995 27.1664
-155.433 26.6154
-154.197 26.6621
156.41 30.3849
-70.8335 30.0091
-69.6577 27.952
273.853 30.5899
282.601 29.9857
281.71 30.1712
284.564 29.4006
285.795 29.874
287.734 29.4495
288.451 28.2394
288.316 26.0465
287.718 25.3011
290.506 28.2632
290.685 29.2603
290.688 27.0805
291.517 26.6377
292.617 28.6146
292.795 29.7018
293.703 29.4319
294.227 28.8058
281.635 28.381
281.098 26.8991
280.799 25.958
279.882 25.8511
278.426 25.8353
277.374 25.6883
279.773 26.6074
279.682 27.4934
279.525 28.3423
279.175 28.745
278.589 28.5187
278.27 27.7897
277.656 28.3476
277.309 29.5129
276.733 30.354
276.119 29.9732
261.503 30.7899
129.06 29.9772
129.999 28.8502
131.216 27.8977
132.592 28.5993
325.937 28.5799
326.578 25.2804
327.043 25.1304
327.889 26.0417
329.628 26.1617
332.155 26.1598
336.238 26.4168
335.812 25.7708
264.793 30.3544
267.144 29.8168
261.444 30.1264
258.158 29.993
267.034 29.091
266.876 27.8517
266.724 26.3072
267.912 26.0685
269.653 25.8119
271.754 26.4586
272.152 28.1277
273.244 29.1444
274.687 28.796
275.408 27.2895
275.902 27.8256
275.685 25.9424
307.293 30.7172
309.386 30.8186
311.048 29.9982
312.456 29.5272
314.018 28.6981
314.6 28.0914
315.553 27.7647
316.534 28.2398
212.051 30.7877
134.071 29.8919
135.355 29.3143
-96.949 31.0065
130.003 30.7344
93.5433 31.2017
15.6278 25.2988
19.5045 23.3796
22.8655 23.5577
11.5433 30.9809
11.5132 29.2501
12.3473 27.5845
13.4775 28.0841
13.8503 26.9307
14.5376 26.0076
16.629 24.2568
17.4929 23.5599
21.6408 23.3984
22.2292 23.7755
95.9946 31.4607
-49.4971 31.0899
-27.6777 30.9723
-27.2043 29.5501
214.051 31.3006
213.877 30.5732
213.752 29.9318
213.177 30.0362
91.7237 31.9924
-53.4059 30.8548
-53.4847 28.4112
-53.5354 26.5518
-53.8328 25.6467
-53.6582 24.6656
-53.3596 23.894
-53.8616 22.7681
-55.8524 22.7136
114.699 31.9681
113.848 31.1159
112.344 31.4419
111.378 31.5626
214.309 32.5121
127.623 32.2399
-96.7971 32.7532
-170.972 32.5021
-171.248 31.5013
-171.571 30.0532
-171.976 28.9436
-171.759 27.8496
-172.185 27.1078
-173.292 27.3291
-173.536 26.2218
-174.003 26.5173
-175.371 26.3383
-176.902 26.6367
-178.298 26.831
-178.898 25.9944
-179.764 25.6797
-181.22 26.0126
-182.453 26.1234
223.246 32.7398
-34.4857 32.9209
-169.537 32.7151
110.258 32.5024
-75.6994 32.9573
-74.9744 32.6383
-74.1845 31.9543
-73.9573 30.7983
-73.8773 29.3933
-74.0111 28.2278
-72.5048 28.0288
-71.7682 27.6268
96.303 33.6184
40.4313 30.3688
38.4736 28.2955
36.3328 28.2527
35.2285 28.0178
-78.9239 27.3275
-77.2243 29.4937
-95.6329 33.6904
-95.4477 32.6405
-95.1889 30.1568
-95.0412 27.996
-94.9917 24.0997
-90.4342 22.3019
-85.2835 22.4925
-83.6281 23.129
-84.3319 23.625
-84.3966 24.296
-84.5984 24.7115
-83.7544 25.4289
-83.2598 26.2396
-84.3926 26.9128
-82.8947 27.4151
-81.158 27.212
45.3527 33.1394
45.5032 30.8836
-158.756 33.8532
-159.03 32.6384
-159.308 31.6009
-159.565 30.6419
-159.897 29.4275
-160.257 28.4886
-160.898 27.2801
-161.388 27.7497
133.06 34.0449
132.981 33.2379
126.825 33.9657
-76.6287 33.5952
-77.156 32.1802
-172.01 34.4913
105.343 33.7319
104.962 32.2518
104.41 31.7768
103.189 31.6918
100.664 31.593
98.79 31.788
98.2158 32.3315
97.8719 33.1697
130.876 34.5436
131.547 33.864
223.238 35.1465
-169.916 34.8938
-170.67 34.0019
217.653 35.4399
-118.635 34.2216
-116.274 35.0678
-117.425 34.6918
-112.35 32.3472
-52.4804 35.5501
90.5807 36.051
110.324 35.4012
110.895 34.8293
111.476 34.5263
112.273 34.6982
112.958 34.2613
113.798 34.2112
114.306 34.5449
114.493 35.1479
-120.024 33.4029
-119.894 29.8779
-27.6752 35.5915
45.2257 36.3902
45.4196 35.4432
11.7743 33.474
11.0807 36.7579
11.1884 34.8542
6.2872 35.8568
6.16814 33.1644
6.23217 31.5308
6.15775 29.4269
6.15491 27.632
6.09894 26.5945
5.7501 25.7561
4.98397 24.7981
3.47778 23.661
-0.238374 23.0545
-4.05816 23.3687
-6.09613 23.5274
-7.68763 23.5601
-8.79467 23.6791
-9.60056 23.3842
-10.6774 23.0822
-11.9235 23.0393
-13.4893 23.0299
-15.0896 23.338
-16.3818 23.1891
-17.3975 23.1767
-18.5858 23.4556
-19.8272 23.1662
-20.7384 23.3401
-22.0133 23.0257
-22.8825 22.9993
-23.7967 23.368
-24.7333 23.1232
-25.6161 22.9287
-27.1032 23.1825
-27.3347 24.3125
-27.74 24.9644
111.74 37.6899
86.6613 36.6469
88.6512 35.6912
90.0139 34.1948
91.2854 34.8305
223.283 37.0575
130.147 37.8082
132.791 37.3965
127.028 36.8057
126.39 36.0393
125.996 36.301
125.508 37.3167
109.975 37.6451
110.754 37.3891
-112.189 37.0548
114.363 37.7171
113.655 37.1669
79.33 37.3998
76.889 36.7855
232.126 38.0975
232.119 36.9717
232.044 35.7985
232.002 34.6633
232.135 33.6461
232.169 32.4019
232.246 30.0453
232.197 28.0928
232.229 26.8815
232.091 25.2382
229.58 25.1343
225.788 25.0378
223.287 25.3241
223.362 26.2894
219.425 25.2987
220.01 25.1053
216.294 25.2736
214.542 25.1149
213.257 25.3088
211.639 25.1721
209.308 25.2865
208.753 26.1599
208.625 27.053
208.005 27.7221
209.196 24.8472
206.952 25.0843
204.211 25.2691
201.072 25.0671
206.167 25.5949
207.069 26.1653
207.114 26.5658
206.281 26.6746
199.849 24.7723
197.822 24.9477
195.649 24.8751
194.403 24.9364
193.022 24.9647
191.733 24.8427
190.193 24.7018
188.982 24.8498
188.364 25.3249
187.345 25.2944
186.163 25.2267
184.86 24.888
183.057 24.9601
181.92 24.9534
180.036 24.8059
177.705 24.8592
175.978 24.8127
174.684 24.8897
173.434 25.0088
172.072 24.692
171.347 25.0489
170.427 24.8886
169.257 24.6748
167.643 25.1929
166.466 25.1475
166.485 26.1605
166.029 26.9837
165.778 27.569
165.203 26.2276
165.091 25.2501
163.231 26.4355
161.677 26.5902
-120.264 38.4211
45.4113 38.1482
-116.291 38.5725
-116.335 37.1332
-31.1281 37.9439
-31.5616 34.1478
-32.6025 33.4497
-33.216 32.5701
215.245 38.9065
214.709 38.2814
214.322 37.715
213.968 37.0946
232.261 39.3232
86.7001 39.6444
223.346 40.2785
45.2821 39.7828
239.601 40.2535
239.11 39.3833
-116.291 40.2604
40.5124 38.0664
-170.855 40.4988
-170.884 39.6459
-172.015 39.8124
-172.798 40.0609
223.142 41.4137
-116.129 41.4232
240.425 42.0102
-167.695 41.341
-167.698 40.0365
-168.279 38.6556
-169.299 38.9063
40.5736 41.9859
79.0254 41.5605
233.817 42.1673
232.765 41.8985
232.386 41.1486
231.953 40.5202
112.527 42.5213
86.7231 42.0951
-27.5767 42.6676
219.853 43.0899
-167.998 42.8999
116.583 42.8029
115.967 42.5269
115.531 41.2431
114.528 40.7962
113.992 40.7932
113.455 41.806
112.804 40.2232
112.484 40.8596
247.012 29.966
235.824 43.4132
238.28 43.1372
241.327 43.2737
243.469 39.9182
243.67 32.0954
245.404 30.6542
243.782 26.0281
243.203 25.3484
118.532 43.0826
118.592 41.2957
117.818 40.0199
117.092 40.41
11.2335 43.0482
11.2703 40.5692
6.93682 43.0942
6.44613 42.2512
5.95879 41.386
5.44982 40.631
79.1167 43.9645
-115.321 43.8304
-115.613 43.2698
40.6247 44.1296
217.912 44.1799
79.4196 44.8193
86.8628 45.031
-167.64 45.1185
-166.867 45.0257
125.229 46.052
125.38 44.668
125.428 42.1926
125.569 39.7553
-168.81 46.3586
-113.098 46.356
-114.826 45.6737
-111.267 46.3549
-110.199 46.2108
40.9596 46.7532
6.84581 47.3006
79.4448 47.193
78.9036 46.6892
86.9448 47.5041
41.6764 48.0708
-27.6971 48.7532
6.87379 49.6357
115.916 49.1061
42.9775 49.6506
42.4637 49.272
44.103 51.3899
85.7926 51.4399
86.7815 51.3405
124.952 59.2711
125.713 53.1978
124.803 65.3899
124.504 66.2745
115.433 66.1824
115.326 62.2397
115.395 57.3105
115.492 53.2968
