5.84406 -88.3077
-17.5074 -85.0668
-4.70688 -84.8374
-4.97453 -84.4046
-4.60059 -83.9888
-17.7795 -83.7771
-6.11807 -83.2087
-18.1078 -82.9832
-17.9541 -83.3621
-15.7655 -82.8719
-4.29582 -82.3698
-5.24085 -81.8541
-4.86831 -82.2741
-5.737 -82.128
-6.2592 -81.9255
-4.89315 -80.9142
-6.07478 -80.7874
-6.26088 -81.233
-5.20453 -80.5355
5.12085 -80.4861
4.73324 -80.6879
-6.72787 -80.3551
-14.2888 -80.5005
-14.9283 -80.8006
-14.9318 -81.1826
-15.4429 -81.0825
-8.01953 -80.0746
-6.44454 -79.9779
-5.99766 -80.2403
-11.2075 -79.927
3.52603 -79.8104
3.48989 -80.1179
-7.99096 -79.5098
-5.8075 -79.2362
4.52672 -79.0796
4.22758 -79.2986
-18.2862 -78.957
-18.018 -79.1599
-17.9189 -79.4411
-17.776 -79.7344
-7.28305 -78.8736
-7.11258 -79.1079
-7.15619 -79.4968
-7.38976 -79.9086
-7.50604 -80.5268
-7.48113 -80.9546
-7.72205 -81.4394
-8.05302 -81.5612
-7.08898 -78.4316
-12.7503 -78.4752
-12.4273 -79.5704
-12.2351 -79.2013
-12.0882 -79.1732
-12.1125 -80.2012
-11.9347 -80.5655
-11.7108 -80.7638
-11.4197 -80.6491
-13.0336 -79.523
-13.2586 -80.0978
-13.5459 -79.2601
-13.8174 -79.4513
-14.021 -79.6084
-13.9064 -79.089
-14.3996 -79.737
-14.5965 -79.5927
-12.239 -77.6977
-6.3396 -77.6467
2.37293 -76.8185
-12.2526 -78.2738
-9.62822 -77.0654
-10.5865 -77.4187
-11.2833 -76.8019
-11.5315 -76.6072
-9.41447 -77.8351
-8.76923 -77.2517
-8.38002 -76.7589
-7.79185 -76.5702
-8.66764 -78.41
-8.9521 -78.9741
-7.96758 -78.2411
-7.63387 -77.785
-11.2088 -78.2207
-11.8529 -78.1653
-10.7427 -78.7352
-11.1193 -78.9629
-0.0468049 -72.3174
3.92138 -72.1106
2.16868 -71.9081
3.1335 -71.5949
3.00759 -72.0151
2.37192 -72.3265
2.01947 -72.7969
1.4438 -72.1663
1.16849 -72.1138
0.650259 -72.0321
1.9404 -73.1904
1.74385 -72.5136
2.75633 -72.6492
2.82546 -72.9964
2.79673 -73.506
2.46988 -73.5955
3.34848 -73.5355
3.5004 -72.883
2.8957 -74.2383
2.67947 -74.6681
3.09769 -70.5377
-0.13065 -69.4163
-0.425782 -69.5819
0.642722 -68.518
0.0804672 -67.3205
3.55317 -66.4426
3.8247 -66.9079
4.07456 -66.874
0.157418 -66.5536
0.304662 -66.878
3.68337 -64.8335
3.57514 -65.3026
3.16747 -65.1093
2.79014 -65.1717
0.698587 -68.0555
1.7867 -64.9194
1.61083 -65.4785
1.92082 -65.9691
2.24637 -66.691
2.62222 -67.0361
2.44519 -67.629
3.46554 -67.3094
3.87558 -67.5784
2.25877 -67.8379
1.56771 -67.3403
1.28502 -66.7548
1.15365 -66.3321
1.81466 -67.7049
1.3719 -67.7603
1.17434 -68.1425
1.29319 -68.502
0.716983 -66.0106
6.29296 -63.358
5.58046 -63.0205
-1.50099 -62.4154
-4.70565 -62.0458
-4.16878 -61.8599
-1.58527 -61.4584
-16.7264 -60.6061
-17.1433 -60.728
-17.5211 -60.8292
-17.9201 -60.9232
-15.6758 -60.4017
2.1545 -60.3949
2.73758 -60.5941
1.86086 -61.0024
1.86046 -61.8041
-0.606189 -59.9066
-1.3178 -60.059
-0.450023 -60.4351
-0.00268556 -60.4654
-0.819535 -59.3705
0.680466 -59.4094
0.433962 -59.8597
0.533899 -60.0989
0.547571 -60.5636
0.570422 -61.1369
1.56152 -59.1015
-16.7967 -59.1444
-17.0041 -59.3336
-13.8506 -58.3188
-14.1657 -58.4106
-14.316 -58.8419
-13.961 -59.3141
-14.9164 -58.7224
-15.2662 -59.0543
-15.2245 -58.3875
-15.5081 -58.3703
-0.0845764 -58.2505
0.102196 -59.0444
0.174213 -57.159
-13.3023 -56.6017
-16.0701 -56.3767
-19.0445 -55.2495
-18.7634 -55.2732
-13.8759 -55.2357
-13.4306 -55.4802
-13.3741 -55.7387
-13.7127 -55.8603
-39.5166 -54.9371
-15.2195 -54.6705
-19.3195 -54.5205
-14.602 -53.7471
-14.8331 -54.0741
-19.2716 -53.283
0.317589 -53.1258
-2.46953 -52.8205
-15.3181 -52.7322
-15.6784 -52.8529
-31.6142 -52.524
-26.2223 -52.1299
-14.5771 -52.3298
-14.8179 -52.8838
-25.0844 -52.1703
-24.8092 -52.7337
-24.8521 -53.3795
-25.1112 -53.7371
-16.2834 -51.9599
-31.4845 -51.4105
-32.1709 -51.1503
-31.9048 -51.2583
4.83166 -51.0205
-1.30052 -50.9006
-1.01928 -51.1157
-31.6445 -50.7955
-19.0433 -50.7078
5.01484 -50.583
0.479858 -50.5268
-0.077867 -50.4031
3.37982 -50.4884
3.58975 -50.6369
-15.7406 -50.4296
-15.6538 -50.9551
-16.2067 -50.694
-16.1753 -51.1703
6.9318 -50.2785
6.78139 -50.6871
1.7161 -49.9189
1.33308 -50.2534
5.04284 -49.8672
4.81287 -49.956
-35.3383 -49.5955
-21.6695 -49.0455
5.57421 -48.7392
2.16588 -48.8278
2.07365 -49.1914
0.436379 -48.6068
0.67491 -48.95
4.09546 -48.2962
-0.20205 -48.3474
-0.242188 -48.852
-0.285526 -49.2925
-0.0487988 -49.5848
-2.3612 -48.0712
0.102435 -48.0152
0.998523 -47.91
-1.50909 -47.9969
-1.48951 -48.3793
1.78678 -47.846
1.94468 -48.22
-1.17484 -47.7424
-1.75665 -47.4788
-1.3575 -47.3547
-20.557 -47.3955
-21.6702 -47.0557
5.68251 -46.9782
-3.94858 -47.201
-3.58174 -47.6986
-4.34384 -47.3779
-4.3612 -47.7946
-4.19009 -46.6866
-21.1957 -46.4851
-20.5917 -46.4208
14.0063 -46.2569
-23.2945 -46.2467
-23.0509 -46.2901
-22.9615 -46.7336
-23.1042 -47.0402
-32.7395 -46.4265
-32.5531 -47.1869
-32.6022 -47.8372
-32.9741 -47.1716
-32.4519 -48.4738
-32.2643 -49.2345
-32.1594 -49.8371
-31.8831 -50.0712
-33.357 -45.8267
0.67971 -45.4311
13.7527 -45.1066
13.7584 -45.5354
-17.5445 -44.7907
-22.4756 -44.8321
-22.3011 -44.9784
13.2323 -44.6831
-22.8729 -44.5455
-1.61953 -44.4021
-0.808259 -44.3494
-0.936511 -44.7078
10.9176 -44.2788
-3.68311 -44.0943
-3.66091 -44.6342
-3.47315 -45.4825
-3.22441 -46.1747
-3.07361 -46.8566
-2.79896 -47.3876
-2.62161 -47.669
-2.70679 -48.3546
-2.40033 -48.7644
-2.49247 -49.3759
-2.26268 -50.0511
-2.03082 -49.5772
-2.12214 -50.6989
-1.98952 -51.2309
-1.8 -51.6655
-1.69341 -52.2581
-1.31778 -53.1655
-0.884885 -53.0136
-1.00189 -53.8991
-1.02449 -54.5887
-1.7577 -53.5272
-2.22297 -53.4864
-2.5763 -53.4937
-2.56847 -54.0472
-0.432089 -54.7239
0.396091 -54.6277
-0.062988 -53.9729
0.44533 -53.6826
-0.652715 -55.7749
-0.194347 -56.2391
-0.5412 -56.7232
-0.365369 -57.4063
-3.73382 -43.5478
10.5353 -43.6035
-17.817 -43.5927
-17.7775 -43.9618
-18.047 -44.0053
-18.1578 -44.365
-23.9033 -43.8423
-24.4061 -43.7483
-23.5173 -44.2386
-23.257 -44.7285
-33.4801 -43.1955
-3.75644 -43.1348
1.25092 -42.8417
1.37785 -43.3234
1.24667 -43.7211
1.36994 -44.0918
1.85641 -43.1819
2.33963 -42.9688
2.18887 -43.5881
2.56313 -43.742
1.02071 -44.3175
0.431145 -44.2774
0.0472607 -44.1026
-0.204363 -44.1929
0.20638 -44.8623
-0.190586 -44.8437
0.291706 -45.3695
0.369929 -45.7989
0.828179 -46.6742
1.28148 -46.4402
0.272772 -46.9943
0.432549 -47.4916
0.0830904 -46.5604
-0.315026 -46.5843
-0.629045 -46.8196
-0.703859 -47.2364
1.81839 -45.7963
2.33118 -46.0864
1.13785 -45.2882
1.27213 -44.9408
2.54385 -45.0259
2.79605 -44.2774
2.25385 -44.7257
1.90806 -44.7695
-0.569534 -42.8062
-6.97177 -42.7093
0.0546602 -42.5715
0.0859424 -42.7726
10.3251 -42.3527
-23.0316 -42.1047
-33.009 -42.1494
8.39547 -42.0221
8.23784 -42.1921
-23.1353 -41.6084
4.93906 -41.8627
5.25476 -42.0366
4.96726 -42.5439
4.47418 -42.6113
3.18824 -41.4771
3.25077 -41.7936
3.40283 -42.139
3.59593 -42.6274
3.28289 -42.8507
3.41213 -43.2688
3.68128 -43.3253
4.11385 -43.3264
-24.2839 -41.0212
6.34762 -41.3304
5.6716 -41.1164
5.86306 -41.2386
-7.48203 -41.0788
-7.11442 -41.1062
0.909909 -40.7044
-5.3816 -40.617
-5.33677 -40.7062
-5.84031 -40.7429
-6.19454 -40.7069
-5.90232 -41.4005
-5.77566 -41.8849
-5.35172 -42.0793
-5.0281 -42.3427
-21.8407 -40.1488
-21.5686 -40.4058
-21.4016 -40.7534
-21.8799 -40.8789
-22.3972 -40.8453
-22.3819 -41.1501
-22.8828 -40.6504
-23.2529 -40.5665
-6.06953 -39.8455
-34.9223 -40.0445
-17.809 -39.5885
2.9164 -39.6936
3.17668 -39.7624
3.60115 -39.7745
3.85606 -40.6253
4.25559 -40.0632
5.33477 -39.882
4.29277 -41.0402
4.54929 -41.3382
6.11618 -39.9795
5.80449 -40.5195
6.75015 -40.1848
7.36935 -40.2374
7.90833 -40.436
8.33987 -40.7738
8.84074 -40.8307
9.01086 -41.4228
9.39707 -41.4613
9.81003 -41.4272
10.2021 -41.443
10.5672 -41.5498
10.9629 -41.6719
11.2496 -42.2193
11.7755 -42.326
12.0432 -42.7233
12.3188 -43.22
11.8822 -43.5551
11.4431 -43.7701
11.0946 -43.9544
12.6825 -43.6656
12.8821 -44.1744
13.2424 -43.8848
13.5832 -44.387
-21.8354 -39.158
-1.46479 -39.2773
-1.62969 -39.447
1.7414 -38.8481
2.00771 -39.2926
2.30506 -39.4564
-35.1982 -38.9094
-20.7008 -37.9142
-35.531 -37.6461
-21.2171 -37.3827
-3.75167 -37.1526
-0.164186 -37.3594
0.227766 -37.5432
0.178488 -37.973
0.850888 -38.3233
-1.19453 -37.0848
-20.6647 -37.0963
-19.8913 -36.8936
-19.7427 -37.1765
-19.6021 -37.6268
-19.9531 -37.5514
-19.4137 -37.7918
-19.1125 -37.3065
-19.423 -37.9886
-19.0381 -38.0399
-7.6612 -36.8507
-0.187784 -36.6769
-35.7662 -36.4816
-1.81834 -36.5652
-2.12384 -36.9624
-2.27487 -37.65
-1.60591 -37.869
-2.7276 -37.303
-3.05023 -37.6414
-3.11967 -37.978
-3.14878 -38.4373
-7.7362 -36.2205
-20.4516 -36.1426
-6.98501 -35.8896
-7.18086 -36.0228
-25.4478 -35.8267
-25.9437 -35.9553
-2.07339 -35.6755
-36.0973 -35.2342
-1.93829 -35.0267
60.1794 -34.776
-23.4999 -34.6781
-6.28726 -34.4191
-6.13812 -35.0573
-6.04501 -35.7231
-5.96639 -36.1985
-5.79277 -36.5828
-5.64545 -37.0647
-5.44544 -37.6232
-5.36518 -38.0129
-5.15827 -38.6251
-5.1485 -39.1829
-4.94453 -39.7767
-4.76266 -40.129
-4.63526 -40.7585
-4.40775 -41.4983
-4.28811 -42.1231
-4.08797 -42.6688
-2.20204 -34.2244
-2.50576 -34.4749
-2.53022 -34.9363
-2.53259 -35.3494
-7.29592 -34.1523
-7.77769 -34.1705
-7.31007 -34.5688
-7.65113 -34.9135
-8.41599 -33.9476
-8.55814 -34.1722
-23.3724 -33.8902
-6.39454 -33.7305
-23.7722 -33.1978
-7.74019 -33.0925
47.818 -32.358
-2.68562 -32.4629
-20.8542 -32.3086
-26.1848 -32.2038
-23.8497 -31.9724
-2.97972 -31.6094
-2.09565 -31.5899
-23.9112 -31.5358
-21.9302 -37.678
-22.048 -38.169
-22.3905 -37.9792
-21.9569 -34.8842
-20.1053 -46.0215
-20.0687 -46.2774
-19.9368 -46.4934
-19.7466 -46.6864
-19.7102 -47.7661
-20.275 -47.983
-19.6471 -47.4192
-20.0292 -47.4628
-17.6968 -57.2327
-17.7141 -57.6056
-17.2328 -57.8514
-17.066 -58.5272
-16.8407 -57.8033
-16.4591 -58.1521
-16.73 -57.2333
-16.9779 -56.9044
-23.2404 -30.9269
-23.1553 -31.3325
-23.0036 -31.883
-22.8253 -32.4048
-22.7134 -32.8488
-22.6279 -33.3086
-22.6363 -33.6537
-22.6615 -34.1015
-21.8551 -36.0911
-21.3574 -38.148
-21.7294 -35.4552
-21.3826 -36.9806
-21.7462 -35.2633
-21.7387 -36.1298
-21.3208 -34.2491
-21.395 -33.8999
-20.6772 -34.4602
-20.2318 -34.6887
-20.8606 -34.8092
-20.7523 -35.204
-20.6457 -35.4292
-20.7806 -35.8253
-21.1926 -38.9955
-20.9937 -39.486
-20.9039 -40.0245
-20.7471 -40.5044
-20.7451 -40.9033
-20.5945 -41.2612
-20.4914 -42.0081
-20.292 -42.0662
-20.7983 -42.7039
-21.1988 -43.0779
-20.723 -43.9011
-21.0112 -44.2402
-21.5178 -41.9761
-21.4518 -41.6415
-21.3259 -41.3228
-21.615 -41.2826
-20.0858 -43.7075
-19.8027 -44.5673
-20.1282 -44.425
-20.4818 -44.8609
-20.6719 -45.082
-20.3115 -45.6906
-21.5068 -44.7918
-21.7378 -44.5435
-19.5616 -45.4557
-19.3366 -46.213
-19.1545 -47.0113
-18.9817 -47.9772
-19.6618 -48.8552
-19.6245 -48.2079
-20.5429 -48.7577
-20.8088 -48.4166
-18.8481 -49.037
-18.5947 -49.7403
-19.413 -49.6718
-19.2039 -49.9611
-18.399 -50.068
-18.2649 -50.6687
-18.1377 -51.3216
-18.0623 -51.8614
-18.0119 -48.9037
-17.9295 -48.1482
-17.5699 -48.9861
-17.2223 -48.2263
-17.3367 -49.1705
-16.9956 -48.8797
-17.1697 -49.673
-17.2254 -50.1543
-18.4249 -52.3678
-18.8502 -52.1507
-18.169 -53.3378
-18.6455 -53.1859
-17.9019 -54.7578
-17.8863 -55.9892
-17.578 -56.4344
-17.7205 -56.9152
-17.5631 -54.6267
-17.3914 -54.353
-17.0517 -55.4055
-16.243 -55.5584
-16.1373 -54.9875
-15.627 -55.0579
-16.4038 -54.512
-16.4081 -54.1358
-22.1897 -35.3408
-21.736 -37.2379
-22.0454 -35.9969
-22.2748 -35.3889
-19.9545 -35.0205
-37.1392 -30.9256
-37.0779 -31.3007
-37.0644 -31.5943
-36.8291 -31.9652
-36.7207 -32.5958
-36.5351 -33.0216
-36.4739 -33.5158
-36.3852 -33.8761
-0.174088 -30.74
0.0343836 -30.9911
-3.12416 -30.6907
-3.53974 -31.0965
-3.73049 -31.5847
-3.4875 -32.0197
-3.26906 -32.4964
-3.25217 -33.1408
-3.68963 -33.1395
-4.05972 -33.0789
-20.446 -30.7273
-20.693 -31.1375
-21.0368 -31.2769
-21.6037 -31.0272
-20.8627 -31.8396
-21.3121 -32.2761
-20.3344 -31.8567
-20.047 -32.143
-22.3945 -30.4705
-27.4508 -30.4767
0.369759 -30.333
-24.9877 -30.0641
47.6799 -30.0138
-24.3279 -30.1936
-23.5343 -30.1195
-26.5568 -30.0216
-26.8292 -29.9902
-7.44105 -29.8947
-7.34737 -30.4866
-7.25401 -31.0245
-7.1206 -31.4096
-6.92683 -32.0521
-6.9112 -32.4501
-7.4178 -32.3892
-7.3431 -32.1702
-3.55426 -29.6538
58.2714 -29.5205
32.4077 -29.3899
-76.5445 -29.3455
-28.657 -29.1955
-54.6133 -29.132
-53.9695 -29.0205
0.487519 -29.0647
0.724122 -29.2604
0.999058 -29.1694
1.24936 -29.1232
-26.2341 -29.1134
-25.758 -29.1917
-53.6235 -28.981
57.4458 -28.9621
-26.7602 -28.8705
-53.3195 -28.8455
32.6825 -28.8736
-24.975 -28.6685
0.725775 -28.5163
57.8788 -28.3779
-41.3282 -28.1851
58.7655 -28.3071
58.4486 -28.6314
35.5305 -28.0205
-5.52352 -27.9505
-23.0784 -27.9613
-23.264 -28.3387
-23.0759 -28.9771
-23.1271 -29.7114
-22.4808 -28.9987
-22.436 -28.2703
-22.1117 -28.9565
-22.1244 -29.6274
34.0881 -27.5038
1.41136 -27.4996
-8.7639 -27.7279
-8.44892 -28.1062
-9.0439 -27.972
-9.02067 -28.4349
31.8962 -27.3084
-46.579 -27.5319
-46.2429 -28.1956
-47.3276 -27.5654
-48.0344 -27.7362
-48.8497 -27.9586
-49.9913 -28.2585
-50.8144 -28.4021
-51.4816 -28.5195
-45.8651 -28.7088
-45.3974 -28.4369
-44.7072 -28.3958
-44.0851 -28.1965
-43.3748 -28.1416
-42.3969 -28.1413
-42.2029 -27.7505
-41.6114 -27.5521
-2.80928 -27.292
-65.4727 -27.0544
-64.71 -27.1241
-72.1189 -26.9673
-71.6391 -27.0318
-71.5699 -27.4646
-71.0977 -27.4913
-70.6695 -27.615
-70.6133 -28.2176
-71.0101 -28.6949
-70.0642 -28.2282
-69.8337 -27.9369
32.8067 -26.8711
31.6462 -26.6825
-38.4468 -26.8454
-38.1259 -27.0181
-38.9545 -27.0145
-39.4858 -26.9904
-39.8861 -27.0521
-40.3519 -27.1236
-40.6306 -27.1867
-41.0353 -27.2945
-37.9377 -27.528
-37.7649 -27.872
-37.7362 -28.1395
-37.7112 -28.6575
-37.5716 -29.1437
-37.368 -29.5423
-37.35 -30.0276
-37.1612 -30.3671
-25.0168 -26.5927
46.1106 -26.4814
-69.2184 -27.7416
-68.0244 -26.603
-67.6269 -26.8718
-67.0893 -27.2729
-66.5207 -27.2863
-67.837 -27.3137
-68.203 -27.4508
-68.5566 -27.6409
-68.9604 -27.6671
-47.9506 -26.0515
-22.2188 -25.9758
-64.4396 -25.9938
-48.4978 -25.9982
-45.2482 -25.8371
-89.6838 -25.5431
-46.7195 -25.4205
-54.6348 -25.4371
-61.668 -25.3977
-88.7307 -25.292
-88.2396 -25.2862
-48.3207 -25.2205
-49.3593 -25.5803
-49.708 -25.593
44.7055 -24.9517
31.5805 -24.9855
-63.6052 -25.2545
-63.9878 -25.2478
-63.7411 -25.665
-63.4083 -25.7894
-62.9548 -25.8397
-62.8355 -25.3124
-62.2852 -26.123
-62.0713 -25.7407
-62.1235 -26.4502
-62.1445 -26.6732
-62.0554 -27.0676
-62.1896 -27.4082
-62.7478 -26.8307
-63.168 -26.7882
-63.5488 -26.5535
-63.7451 -26.3137
45.4424 -25.5266
46.5252 -25.4441
45.2155 -25.0276
45.067 -25.3236
45.9341 -25.5585
45.831 -25.171
6.46618 -24.7478
44.3691 -24.5841
5.72213 -24.6717
-22.4901 -24.774
-22.9583 -24.7459
-22.2593 -25.2379
-22.7851 -25.4445
45.6298 -24.0967
-43.6506 -24.2477
44.3238 -24.1774
44.8621 -24.3003
45.1038 -24.2121
45.8138 -23.7357
-8.73635 -23.937
-8.5919 -24.4762
-8.42157 -25.1798
-8.30237 -25.8235
-8.09471 -26.5399
-7.89407 -27.2866
-7.76793 -27.9027
-7.61377 -28.7229
44.193 -23.6155
-28.8442 -23.5788
-27.1902 -36.702
-27.0739 -37.1505
-26.9532 -37.601
-26.8452 -38.0455
-30.9445 -23.5746
-30.4378 -23.741
-31.6195 -23.722
-32.1063 -23.8396
-32.5527 -23.9513
-33.0083 -24.0863
-33.3905 -24.1378
-33.7544 -24.2148
-30.2945 -24.2167
-30.196 -24.6916
-30.0788 -25.1314
-29.9625 -25.5735
-29.8514 -26.0337
-29.742 -26.4805
-29.6298 -26.9165
-29.5073 -27.2792
-29.4009 -27.7047
-29.2663 -28.1022
-29.1581 -28.4089
-29.1123 -28.9009
-29 -29.3661
-28.877 -29.8474
-28.6673 -30.1593
-28.6112 -30.4657
-28.5921 -30.9788
-28.4462 -31.4379
-28.263 -31.5764
-28.1965 -30.9881
-28.3075 -32.1677
-27.9912 -32.2061
-27.9422 -31.8645
-27.7721 -32.419
-28.176 -32.7926
-27.9952 -33.4183
-27.8681 -33.994
-27.6805 -34.6595
-27.5448 -35.3205
-27.3218 -36.1433
-27.2627 -35.3207
-27.1179 -34.903
-26.729 -38.5
-26.5934 -38.9554
-26.4879 -39.4045
-26.3823 -39.8558
-26.2638 -40.317
-26.1335 -40.7554
-26.0024 -41.1596
-25.8975 -41.6094
-25.7194 -42.0161
-25.5777 -42.3649
-25.0725 -42.6509
-24.8369 -43.0243
-25.5523 -42.7175
-25.4247 -43.1142
-25.3045 -43.4677
-25.3902 -43.7125
-44.1033 -23.5393
-40.4544 -23.316
-41.0458 -23.3598
-40.2514 -23.9186
-40.3562 -24.4001
-41.5713 -23.6319
-42.0646 -23.7414
-42.584 -23.7182
-42.9894 -23.9704
-6.18736 -23.2711
-5.95042 -23.3696
-42.2545 -23.0805
-76.311 -23.0227
-39.2721 -22.8991
55.5524 -22.8152
-38.8491 -22.9569
6.28794 -22.7138
6.27088 -23.1988
-5.67484 -22.5424
27.8652 -22.501
-8.65666 -22.4621
-32.1956 -22.4705
-34.0747 -22.207
-33.8353 -22.3579
-65.9043 -22.1371
-30.0195 -22.0524
-68.3884 -22.1656
-6.80736 -22.0041
56.4428 -22.1295
56.8462 -21.995
56.3038 -22.8253
55.9409 -22.5391
-36.5534 -21.9054
-39.3112 -21.8663
55.8655 -21.8055
34.0395 -21.8306
-34.6362 -21.6552
32.716 -21.459
-63.9112 -21.3833
-79.5546 -21.5616
-33.599 -21.4878
-29.0432 -21.4488
-68.1343 -21.2711
55.9613 -21.283
33.088 -21.2685
-10.5469 -21.3319
-10.6125 -21.7161
3.61146 -21.3124
3.37435 -21.4295
-69.1677 -21.2708
-62.7112 -21.0833
-5.63106 -21.2331
-5.86272 -21.3409
-5.63006 -21.6433
-5.47335 -21.9254
-32.2179 -21.1716
-32.5189 -21.558
-32.7695 -21.3955
-32.946 -21.306
-31.9088 -21.5075
-31.5458 -21.4778
-31.2357 -21.4821
-31.0368 -21.8368
-30.8926 -20.8673
-59.8365 -20.8685
-3.3432 -20.9248
-66.6425 -20.785
-26.8325 -20.7594
24.6787 -20.6451
24.5098 -20.8078
-19.8252 -20.6546
-20.4158 -20.7856
-11.2779 -20.5281
-60.2452 -20.4708
-58.5043 -20.3538
-9.90676 -20.2991
-9.84655 -20.5219
-59.5765 -20.2088
-59.7819 -20.3355
-58.7658 -20.1649
-3.3862 -20.1534
-10.5987 -20.0496
-29.4919 -20.0905
-29.3583 -20.2774
-58.5445 -19.9455
-57.9012 -24.0041
-42.951 -20.6175
-41.5874 -21.7474
-40.7925 -21.2831
-40.3416 -21.4613
-40.1088 -20.8509
-39.0371 -20.8306
-38.1931 -20.3876
-37.4231 -20.5557
-37.5475 -22.0434
-37.6949 -22.6625
-43.8116 -22.0798
-44.2766 -23.198
-45.1333 -22.3227
-45.9139 -22.49
-45.0251 -23.0066
-46.0244 -23.1559
-45.0956 -23.9414
-45.4095 -24.8965
-44.2631 -24.8115
-44.1429 -24.1885
-47.171 -23.5249
-48.0198 -23.698
-49.5064 -23.4858
-49.6586 -24.2616
-49.3443 -24.5282
-50.9948 -23.5564
-50.5284 -22.1407
-52.0902 -23.8076
-51.538 -24.5487
-50.8366 -24.4774
-53.3839 -24.5454
-54.0142 -25.2788
-55.6315 -24.7229
-56.341 -24.9437
-55.8442 -25.618
-59.8699 -25.6462
-60.6406 -25.663
-61.2062 -25.7787
-43.1579 -19.9968
-42.8963 -20.1966
-42.4762 -20.9023
-42.4115 -21.6217
-41.0743 -21.5505
-41.2469 -22.6883
-39.6415 -20.6684
-39.2796 -20.6416
-38.5189 -20.911
-38.2452 -21.3843
-37.7448 -21.5082
-37.4574 -21.0158
-43.133 -22.0524
-43.0745 -22.6688
-42.9538 -22.8543
-43.6703 -22.8679
-44.2717 -22.0313
-44.8085 -21.983
-46.4351 -22.5935
-46.9441 -22.4159
-45.7979 -23.7556
-45.478 -23.7216
-45.0092 -24.4439
-44.6204 -24.4868
-47.4143 -22.7329
-47.2886 -23.247
-47.7795 -22.7682
-48.3042 -23.2159
-48.8257 -23.2456
-48.6892 -24.1223
-50.0351 -22.9496
-50.6129 -23.328
-49.9028 -22.3513
-49.6738 -22.0493
-51.4405 -23.9245
-51.8843 -24.4314
-52.5757 -24.0133
-52.9604 -24.1587
-53.9306 -24.7238
-54.3974 -24.4887
-54.7879 -24.461
-55.0926 -24.6664
-56.9229 -24.6844
-57.301 -24.5197
-57.6659 -25.0025
-58.4545 -25.2015
-58.8941 -25.3705
-59.2539 -25.3757
-57.3968 -19.951
-2.28819 -28.7344
0.113176 -20.0992
0.47384 -20.16
0.0659941 -20.585
0.630345 -20.5865
-0.149094 -21.1481
-1.10911 -20.8215
0.695571 -21.3887
0.874834 -21.1887
-0.312078 -21.6761
-0.266831 -22.0769
-0.615298 -22.3452
-0.0148478 -22.5907
-0.112956 -22.9472
0.0418993 -23.3377
0.520037 -23.0686
0.743101 -22.6992
0.402958 -23.4744
-0.086739 -23.8904
0.874132 -23.1908
1.29472 -22.917
1.52161 -22.6022
1.59224 -22.168
1.3809 -21.9323
1.16657 -21.7131
-0.484696 -24.3501
-0.835882 -24.1359
-0.54837 -25.1742
-0.464695 -25.7982
-0.362868 -26.1744
-0.103455 -26.4671
-0.0326676 -26.7421
0.109603 -27.1172
0.374888 -27.425
0.900841 -27.5047
-0.323952 -27.5687
-0.685676 -27.7279
-0.857401 -28.037
-1.31043 -28.0064
-1.61537 -27.8594
-1.91683 -27.8408
-2.11715 -28.2638
-1.31069 -28.7159
-2.4773 -27.7957
-2.89691 -27.6798
-0.861593 -28.9926
-0.527866 -28.9601
-0.60817 -29.5087
-0.376205 -29.6838
-2.2907 -28.5453
-1.88198 -28.9875
-2.25492 -29.3903
-2.06999 -29.7522
-2.61214 -29.443
-2.82787 -29.6448
-1.51187 -30.3124
-1.18863 -29.8596
-1.77624 -30.8085
-2.12972 -30.5862
-1.09854 -30.5806
-1.21576 -30.943
-1.12734 -31.2898
-0.808668 -31.4596
-56.8941 -19.872
1.36001 -19.6932
-8.77978 -19.861
-9.32083 -20.0751
-8.31418 -19.9062
-8.0212 -20.4447
-9.29787 -19.5868
-13.9386 -19.605
-14.4266 -19.774
54.731 -19.5799
25.5019 -19.4986
25.3849 -19.8097
37.5252 -19.331
-58.2497 -19.3095
36.1171 -19.0638
-5.57725 -18.8202
-2.13653 -18.7441
-1.89093 -18.9527
-1.633 -19.1871
-1.34216 -19.3726
-33.4942 -18.8076
-33.3681 -19.1346
-33.784 -19.3772
-33.567 -19.7447
-34.2272 -19.4097
-34.4839 -19.5874
-34.8796 -19.6288
-35.2352 -19.5786
2.59123 -18.5349
54.865 -18.4838
54.3721 -18.7523
26.911 -18.3477
-10.0695 -18.0205
40.3155 -17.9705
36.5417 -18.11
36.49 -18.4895
36.8178 -18.6118
37.2062 -18.6098
37.4882 -18.5226
37.8122 -18.6634
38.2055 -18.6987
38.3998 -18.9281
37.6932 -17.9069
26.3182 -17.9092
24.9915 -17.8288
-8.65912 -17.9642
-8.70071 -18.2424
-8.41953 -17.9643
-8.35379 -18.5174
-7.91423 -18.0743
-28.5004 -22.827
-27.9323 -18.7068
-27.3341 -18.9231
-28.1504 -19.558
-28.3374 -19.7894
-28.2909 -20.3376
-27.7735 -20.7265
-28.5638 -20.8115
-28.4204 -21.1677
-26.9596 -19.0519
-26.3836 -18.9698
-25.6928 -19.4692
-25.1207 -18.8273
-25.4369 -20.0769
-25.6353 -20.5552
-24.6482 -19.9659
-24.2958 -20.0219
-28.6233 -18.2293
-29.2696 -18.3507
-29.2849 -18.8884
-29.3291 -19.2083
-29.843 -18.3694
-30.2071 -18.5577
-30.775 -18.526
-30.8686 -18.9097
-31.3854 -18.7515
-31.7437 -18.9649
-32.2288 -18.5964
-32.4676 -17.9359
-32.4796 -18.5508
-32.5402 -18.9835
-32.4726 -19.242
-32.1716 -19.4585
-25.5767 -21.024
-25.682 -21.4409
-25.5929 -22.0153
-25.3034 -21.8116
-25.9497 -22.5262
-25.7276 -23.1851
-26.5912 -22.5836
-26.9781 -22.1737
-27.5343 -22.3933
-27.6931 -22.8812
-27.9181 -23.0961
-28.166 -23.2994
-27.938 -22.0908
-28.1375 -22.0383
-25.6962 -23.6563
-25.4116 -24.2517
-25.2432 -24.8822
-24.7672 -24.7066
-25.073 -25.4817
-24.6684 -25.253
-24.7793 -25.9105
-25.1823 -26.1166
-24.3809 -26.3459
-24.2692 -26.7821
-24.3564 -27.1891
-24.3096 -27.6338
-24.6216 -27.7744
-24.9168 -27.1695
-24.3822 -28.2378
-24.1433 -28.4533
37.2834 -17.7482
-2.12489 -17.6562
5.59626 -17.7846
6.04282 -18.0455
5.02825 -17.9425
4.37084 -18.0966
3.73506 -18.5635
3.47347 -18.2309
3.59473 -18.9343
4.1619 -19.3303
-10.4965 -17.5043
-11.781 -17.6142
-51.3968 -17.3568
55.0702 -17.5463
55.3062 -17.6814
-91.893 -17.3948
-91.7197 -17.6823
-91.6588 -18.1152
-91.8672 -18.4076
44.1426 -17.2736
46.1305 -17.0355
2.18852 -16.9616
1.98552 -17.5795
2.51215 -17.7605
2.8473 -17.5566
2.93756 -17.2346
3.22958 -17.2926
3.58761 -17.4371
3.9198 -17.4617
1.23525 -18.0366
1.46734 -18.872
1.30139 -19.1568
0.950275 -19.4291
0.552992 -18.0693
0.347659 -18.3418
0.0236895 -17.7388
-0.308169 -17.6349
3.69621 -16.8325
-9.06953 -16.8455
-48.0654 -16.8413
41.4654 -16.8738
41.5294 -17.3023
41.7295 -17.8182
42.259 -17.7917
42.5182 -18.5667
41.7559 -18.9647
42.4698 -19.5792
42.2593 -19.9755
43.5289 -18.7262
44.2751 -18.3933
44.5732 -18.2507
43.967 -17.9393
43.9365 -19.2776
44.1411 -19.7384
44.7419 -19.4504
45.02 -19.7726
46.4186 -16.7409
-8.55214 -16.7115
-8.63021 -17.1803
2.57949 -16.555
1.3925 -16.3205
0.599084 -16.3228
0.633325 -16.7263
27.31 -16.37
27.6782 -16.626
27.0518 -16.8077
27.2419 -17.0585
-45.5616 -16.1168
-45.9409 -16.1734
-44.9476 -15.9652
53.918 -15.983
-5.92683 -15.9944
-5.33677 -16.3061
-4.69148 -16.4783
-5.08278 -16.8605
-4.38409 -16.919
-4.34397 -17.5571
-3.98688 -16.562
-3.51924 -16.6515
-2.58173 -16.3573
-1.75318 -16.4902
-1.4313 -17.0442
-1.44109 -17.5535
-2.65584 -16.67
-2.08193 -17.1068
-2.93345 -17.0559
-2.72022 -17.4092
-44.6654 -15.8163
-9.14541 -15.873
-8.62592 -16.0916
-4.13765 -15.6721
-23.3293 -15.6549
-23.1869 -16.0213
-79.0354 -15.3836
-80.1252 -15.5028
-79.6572 -15.4712
-80.5512 -15.7499
-80.7357 -15.5386
54.386 -16.9137
53.9731 -16.7893
55.3738 -15.2904
55.2501 -15.5468
54.7788 -15.5841
54.76 -16.1336
55.051 -16.5635
55.4879 -16.4071
55.9388 -16.3018
56.2152 -16.104
-2.40009 -15.1432
-78.5445 -15.2171
32.3029 -15.209
32.7568 -15.2299
32.8094 -15.5736
33.2293 -15.4585
32.5037 -15.9379
32.794 -16.0905
32.1148 -16.0949
32.0196 -16.3671
-9.57565 -15.3121
-1.2604 -15.0939
-78.0505 -15.0114
-40.3933 -14.9711
-40.8531 -15.0667
26.3424 -14.9642
26.7148 -15.1226
-76.7323 -14.7599
-41.1436 -14.7214
-43.6248 -14.6697
-76.8687 -23.038
-45.6548 -14.8111
-45.724 -15.1769
-46.069 -15.0822
-46.3055 -15.3548
-46.3519 -15.6881
-46.6512 -15.4911
-46.9664 -15.3012
-47.3679 -15.3471
-47.6516 -15.7568
-47.4621 -16.2161
-47.2166 -16.2189
-46.9408 -16.2644
-47.9336 -15.7653
-48.2582 -15.6641
-48.687 -15.8456
-49.0478 -16.0147
-49.3733 -16.2369
-49.8467 -16.3595
-50.4068 -16.3815
-50.8435 -16.4606
-51.2817 -16.3821
-51.5665 -16.5923
-51.9571 -16.5429
-52.1234 -16.831
-52.4743 -16.8853
-52.9431 -16.8576
-53.3836 -16.8467
-53.7196 -17.1185
-54.3769 -17.6997
-54.3354 -18.3718
-54.4498 -18.6064
-54.7529 -18.7708
-54.8382 -17.6857
-55.5437 -17.8768
-56.476 -17.8064
-56.9907 -18.1299
-55.6697 -18.6144
-55.3736 -19.0261
-55.9932 -18.9206
-56.2961 -18.7169
-57.4389 -18.2652
-57.2149 -18.7505
-57.958 -18.2038
-58.5062 -18.3219
-59.0631 -18.4297
-59.4133 -18.7507
-59.9252 -18.9234
-59.9246 -19.4806
-60.823 -18.8868
-61.5373 -19.1053
-60.875 -19.3878
-61.0654 -19.6405
-62.0782 -19.2772
-62.1033 -19.861
-61.841 -19.9791
-61.4258 -20.1617
-62.429 -19.3861
-62.7657 -19.4601
-63.276 -19.3831
-63.5267 -19.6982
-63.9352 -19.6751
-64.261 -19.9933
-63.7794 -20.4909
-63.3465 -20.5117
-64.9627 -19.9518
-65.5885 -19.8957
-65.98 -19.9665
-66.3708 -20.1325
-66.71 -20.2279
-67.0874 -20.2448
-67.5895 -20.5163
-67.3452 -20.8455
-68.0291 -20.5961
-68.5496 -20.8041
-68.5255 -21.3428
-68.355 -21.6368
-68.828 -20.7058
-69.205 -20.7126
-69.6041 -20.9493
-69.6706 -21.5717
-69.911 -21.4675
-70.2849 -21.3345
-70.6393 -21.2043
-70.9978 -21.26
-71.444 -21.3224
-71.8633 -21.293
-72.0826 -21.5596
-72.6439 -21.4983
-73.2511 -21.6358
-73.6884 -21.8592
-74.068 -21.8453
-74.3415 -22.1214
-74.5409 -22.3308
-74.9203 -22.1075
-75.3128 -22.1372
-75.4526 -22.3858
-75.8933 -22.3182
-76.3258 -22.3225
-76.6388 -22.5253
-77.1932 -22.5198
-77.5056 -22.843
-77.4451 -23.232
-78.3015 -22.9537
-78.7575 -23.0199
-79.2126 -23.0419
-79.6461 -23.1099
-79.9827 -23.3169
-80.4442 -23.3696
-80.8508 -23.3926
-81.2525 -23.4453
-81.6278 -23.6548
-82.0007 -23.7758
-82.3643 -23.7567
-82.5798 -23.9923
-82.9106 -24.0836
-83.2496 -24.0911
-83.6947 -24.103
-84.1351 -24.3543
-84.5468 -24.3026
-84.92 -24.4657
-85.4472 -24.6528
-85.874 -24.6732
-86.1798 -24.6778
-86.6758 -24.8366
-87.3204 -24.9285
-87.6159 -25.0973
-63.0156 -20.246
53.7992 -14.8451
53.6213 -15.1448
-40.7341 -14.6517
-45.0664 -14.5486
-41.9385 -14.3396
-42.4287 -14.4415
-79.7669 -13.9634
-73.8871 -13.9531
-74.1451 -14.196
-74.9001 -14.4218
-39.2742 -13.5694
-38.6425 -13.0036
-39.3484 -13.1976
-40.053 -13.5152
-40.3285 -13.82
-40.34 -14.2363
-39.805 -14.5634
-40.9636 -14.011
-41.4779 -13.8055
-10.4673 -12.8832
-37.8466 -12.8357
-75.624 -13.1312
-75.1168 -13.0505
-76.1314 -13.1207
-76.7926 -13.2526
-77.3107 -13.3656
-77.8635 -13.5357
-78.2582 -13.6193
-78.8321 -13.7576
-7.89957 -12.8691
36.3846 -12.6121
-36.8816 -12.5862
41.1652 -12.6663
40.897 -12.8693
41.0079 -13.4495
40.4171 -13.6137
40.8814 -14.3075
41.0957 -14.7021
41.1613 -15.0981
41.3221 -15.4376
41.7365 -13.5559
41.9362 -14.0144
42.4816 -13.7098
42.7428 -13.5948
42.2221 -14.4879
42.5835 -14.5049
42.2697 -15.21
42.5343 -15.5144
12.753 -12.278
53.9522 -12.1197
54.1676 -12.3
34.1232 -12.0199
-14.1445 -12.0705
-31.3478 -12.1915
-31.707 -12.3631
-32.1331 -12.427
-32.6029 -12.8996
13.1305 -11.7882
40.8707 -11.571
41.2848 -11.954
-11.2677 -11.4723
-73.8795 -11.3055
-75.0399 -10.9552
-81.1246 -10.9706
-81.0279 -11.3447
-10.3326 -10.8137
-11.0295 -10.7776
-11.5982 -10.9556
-12.2033 -11.0868
-10.1444 -11.3374
-9.95877 -11.7895
-9.91146 -12.1799
-9.79398 -12.4555
-12.3529 -11.2952
-11.88 -11.7117
-11.7343 -12.2562
-11.8954 -12.613
-12.865 -11.3689
-12.5891 -11.8038
-13.5314 -11.3238
-13.8042 -11.6126
-11.923 -13.5501
-11.7809 -14.4384
-11.5242 -15.0441
-10.9116 -15.1268
-11.6379 -15.7775
-12.3923 -15.3458
-11.3331 -16.3174
-10.8816 -16.6705
-13.0049 -13.531
-13.5745 -12.9921
-13.0599 -12.4433
-13.2455 -12.0914
-13.6792 -14.0545
-13.6609 -14.5138
-14.3349 -13.7586
-14.8695 -13.9153
-11.4195 -16.8126
-11.2103 -17.4186
-11.0318 -17.9215
-11.1742 -18.8665
-10.6442 -18.6329
-10.2909 -18.7823
-10.1128 -18.8464
-10.2385 -19.1675
-11.534 -18.8596
-11.8329 -19.2589
-11.6481 -19.8008
-11.9561 -20.1974
-12.0062 -20.7008
-11.8519 -21.2131
-11.6522 -21.7154
-11.5605 -22.2603
-11.3674 -22.7749
-10.7073 -23.1921
-9.44527 -23.0317
-9.5312 -22.639
-9.32904 -22.4368
-9.46702 -22.0236
-9.60258 -21.534
-9.6592 -21.1595
-8.64495 -22.9104
-7.98999 -22.769
-7.52815 -22.4783
-7.95045 -22.3576
-7.55148 -22.1346
-7.68885 -21.622
-7.66522 -21.1779
-7.251 -21.29
52.6806 -10.5067
52.5965 -10.8675
52.2388 -10.7385
51.9499 -10.7262
32.3309 -10.3148
13.9944 -10.5033
-74.1858 -10.2516
-65.0506 -11.2247
-66.911 -11.5956
-68.5662 -12.1212
-70.3106 -12.511
-72.0497 -13.0205
-73.0051 -14.0661
-74.1904 -12.8745
-63.1798 -10.1881
-63.3935 -10.7996
-62.8938 -10.9815
-62.8122 -10.9461
-63.9324 -10.9493
-64.4151 -10.8367
-65.7817 -11.3241
-66.1757 -11.5258
-67.6621 -11.7191
-67.932 -12.0249
-69.2817 -12.0259
-69.7513 -12.1784
-71.0172 -12.668
-71.5251 -12.7042
-72.8045 -13.0723
-72.66 -13.8919
-73.4809 -12.8829
-73.3836 -13.4731
31.9305 -10.0455
-4.95574 -14.9604
-4.63328 -15.3605
-5.05104 -10.3032
-5.62953 -10.3743
-6.1639 -10.6508
-6.80662 -10.6786
-7.52665 -11.4535
-8.49773 -11.9056
-8.45543 -10.9942
-9.07209 -11.3271
-4.66398 -10.8532
-4.19109 -11.2581
-3.83471 -11.7725
-3.51949 -12.2108
-3.13941 -12.5983
-2.79592 -13.1135
-2.5243 -13.6073
-3.01421 -14.1135
-7.04231 -12.1626
-6.2368 -12.0984
-5.76234 -13.1293
-5.24491 -12.3163
-6.44828 -13.7028
-6.90432 -13.8234
-6.03982 -14.6014
-5.61339 -14.8005
-2.03508 -14.1307
-2.39701 -14.6126
-1.45645 -14.434
-0.909443 -14.678
-0.215441 -15.2042
-0.350727 -15.552
-0.506635 -15.9658
-0.760584 -16.2918
0.0174797 -14.9985
1.08601 -14.9031
1.93261 -15.0321
1.03393 -15.5439
2.55909 -15.3019
2.01483 -15.8733
2.92207 -15.3583
3.37589 -15.4209
4.01737 -15.5098
4.6912 -15.8172
5.18258 -16.1553
5.57176 -16.537
6.02264 -17.0933
6.48543 -17.4627
6.79763 -18.0012
7.12509 -18.5046
7.21123 -19.2259
6.72526 -19.0587
7.63318 -19.9951
7.63121 -20.8728
7.38087 -21.4716
7.4788 -22.1105
7.324 -22.8014
7.13799 -23.3782
-4.90603 -13.2893
-4.36438 -12.7693
-4.95781 -13.8795
-4.79726 -14.2851
-4.30793 -14.032
-4.01926 -14.4365
-3.64553 -14.4725
-3.6949 -15.003
41.1475 -9.93198
39.727 -9.86213
29.671 -9.71769
12.7147 -9.98804
12.9412 -9.6702
12.8143 -10.5229
12.9336 -11.072
-77.9262 -9.77684
-78.2705 -10.1125
33.9446 -9.87519
34.4813 -10.0031
33.4956 -10.4619
32.9869 -10.6838
33.6215 -11.1573
33.1124 -11.4887
32.9514 -11.9325
33.3632 -12.2103
34.9392 -10.2226
35.5528 -9.96722
34.8465 -11.2407
34.5202 -11.5636
36.0562 -10.1087
36.5669 -10.241
36.994 -10.6193
37.2909 -11.0894
14.7862 -9.33457
14.9257 -9.80023
33.2596 -8.90796
29.5169 -8.68026
29.8999 -8.67087
32.9494 -8.25153
53.0442 -8.2663
42.1363 -7.96611
33.9926 -7.90572
39.0249 -7.63505
37.8899 -7.76788
37.885 -8.30172
38.0848 -9.00369
38.0185 -9.50832
31.7952 -7.3788
34.7203 -7.03158
52.9277 -7.0288
52.6573 -7.11768
32.1955 -7.82285
32.5316 -7.22597
32.4127 -7.42547
32.5697 -7.85532
32.8119 -7.71407
54.1834 -7.17857
54.4249 -7.52223
54.6921 -7.86838
54.3276 -8.37
54.5877 -8.9521
54.2654 -9.39176
53.7553 -9.81131
53.0359 -9.27953
54.0572 -10.4169
54.9433 -10.2037
53.6192 -10.9613
53.9269 -11.333
53.3249 -11.7057
53.2266 -12.3237
53.4643 -13.2365
53.7364 -13.2523
51.8803 -6.94044
52.0952 -7.39192
32.8533 -6.8073
51.6544 -6.55172
31.7657 -6.58201
-69.1124 -6.55811
32.7194 -6.21028
-71.9036 -6.01827
-72.1804 -6.19951
-70.755 -6.12194
-70.918 -6.28307
-74.2331 -6.22151
-74.5069 -6.68583
-74.7801 -7.29914
-75.1406 -7.73069
-75.2973 -8.83012
-74.9084 -9.2722
-75.9356 -9.02727
-76.0275 -9.60254
-66.2695 -5.92046
31.8905 -5.92845
32.0731 -6.10925
54.1543 -5.77236
29.0107 -5.93404
28.8602 -6.2462
54.7072 -5.73669
37.1714 -5.63266
37.2982 -6.13566
37.083 -6.49802
37.3049 -6.91789
-73.2006 -5.50706
-73.0795 -5.82453
-73.1699 -6.18804
-73.0433 -6.42827
32.5653 -5.45456
-5.50112 -5.35864
54.9399 -5.22325
27.7834 -5.27047
27.3934 -5.27305
28.1167 -5.46265
28.2991 -5.62748
-73.7758 -5.20961
-73.3929 -5.18848
-70.7475 -5.34606
-70.8612 -5.58105
31.9347 -5.09034
31.4895 -5.3308
54.719 -4.90172
-74.0496 -4.90344
33.0566 -4.80591
32.528 -4.80396
-72.1779 -4.73714
30.9655 -4.72047
30.3957 -4.6538
28.4152 -4.6538
-61.8922 -4.86302
-61.7629 -5.30658
-61.3563 -5.77552
-61.1779 -6.2546
-65.1527 -4.61272
28.3055 -3.92463
33.3067 -4.00828
33.3267 -4.20759
56.0705 -3.93603
56.2457 -4.13978
55.3555 -3.70797
30.385 -3.65001
30.8508 -3.91014
29.9191 -3.82391
30.178 -4.00716
-67.9801 -3.58335
-61.5972 -3.50213
32.1684 -3.15473
42.4138 -3.14211
41.7808 -3.20415
56.2505 -3.03547
29.3635 -2.53397
36.1382 -2.76551
36.287 -3.29982
27.2425 -2.30473
-67.1766 -2.43335
-66.8568 -2.63532
-67.4398 -2.60512
-67.5186 -2.93944
-67.9318 -2.12292
-69.2282 -2.29606
-68.91 -2.5198
-68.9972 -2.9883
-69.1721 -3.2116
57.4138 -1.73626
57.05 -2.12997
57.2516 -2.41179
57.6728 -2.39147
56.4989 -2.60507
56.2977 -2.5726
56.2937 -2.2087
56.426 -2.04846
-69.1195 -1.63944
-69.8506 -1.60153
48.3391 -1.66331
47.6045 -1.83272
-69.3559 -1.35775
56.9537 -1.142
57.3772 -1.10393
56.7073 -1.33448
56.7085 -1.63342
61.7043 -0.286363
60.8595 -0.514387
59.9441 -0.752071
59.1511 -0.973841
59.2784 -1.55885
59.4421 -2.28568
59.6648 -3.09265
59.8735 -4.02437
-63.3362 -0.212827
64.468 0.437865
69.3283 0.445665
68.607 0.223388
67.8516 0.0374013
67.2545 -0.133385
65.359 0.69739
67.2055 1.17953
61.8825 1.04131
61.8238 0.746867
62.9055 1.11323
63.1959 0.890335
72.545 1.21688
60.3606 1.44043
57.7155 1.56453
68.8302 1.4983
68.2946 1.37549
52.121 1.54231
62.9932 1.68564
59.8096 1.80869
-69.6009 1.8079
63.3742 1.9651
38.634 1.78449
38.1314 0.678941
37.297 -0.0372508
37.2522 -0.438066
37.6765 1.24216
37.3416 1.24867
36.8888 1.25761
36.4623 1.38211
36.327 1.12313
35.9504 0.992576
35.775 0.322929
35.9625 -0.177282
35.995 -0.582938
35.7983 -0.836567
36.2141 -0.79368
36.3678 -1.27634
35.5653 0.8069
35.2206 0.441373
35.1367 -0.0529784
35.337 -0.286538
34.4847 -0.308755
33.926 -0.453604
33.2992 -0.520116
32.6623 -0.563155
32.5377 -1.4447
33.4304 -1.44035
32.5828 -2.32816
33.0321 -2.79392
33.5047 -2.41313
33.6568 -2.79351
33.5965 -3.24714
31.7123 -1.36301
31.5437 -2.22847
31.1417 -1.36581
30.8089 -1.48167
30.4409 -1.51075
30.1463 -2.08778
30.3916 -2.31769
30.6689 -2.4495
29.9544 -1.32802
29.4929 -1.49769
29.0718 -1.64467
28.8522 -1.91054
28.5319 -2.06914
28.1549 -2.34637
27.8219 -2.74619
27.522 -3.10413
27.5467 -3.40034
27.24 -3.78539
27.19 -4.31983
27.528 -4.246
28.0564 -3.22542
28.4901 -3.07724
29.0209 -3.22942
29.2046 -3.24205
26.9175 -4.63775
26.7869 -5.03937
26.7447 -5.58123
27.1077 -5.81827
26.524 -5.93167
26.5974 -6.30706
26.554 -6.7479
26.7366 -7.16329
38.1431 -0.265243
38.7825 -0.19151
38.4149 -0.941117
38.3114 -1.21325
39.2739 -0.283594
39.4069 -0.739811
39.807 -0.519192
40.0366 -0.68353
39.5922 -1.47527
39.8282 -1.95699
39.3655 -1.51374
39.1359 -1.78223
40.2695 -1.60661
40.9235 -1.34547
40.5285 -2.15327
40.7047 -2.36851
39.2617 -2.56291
39.3591 -3.21022
38.7083 -2.49463
38.1737 -2.46683
38.0499 -2.20343
37.7094 -2.12351
37.6231 -1.74547
37.8853 -1.69446
39.6573 -3.55064
38.9371 -4.0138
40.1176 -2.95284
40.0338 -2.71714
39.5975 -4.34055
40.1189 -4.50433
40.0392 -4.39134
39.7704 -4.40816
39.4382 -5.57869
39.3593 -6.96517
39.6705 -5.19598
39.6255 -5.49533
38.9013 -5.79062
38.6732 -5.25658
38.5548 -5.84972
38.3627 -6.02409
40.4844 -6.54163
40.6822 -5.89021
41.0667 -5.84782
40.7573 -5.50552
41.8115 -6.15239
42.0379 -6.29755
41.9752 -6.54969
42.0702 -6.93585
40.3999 -7.22105
39.477 -7.32255
40.8997 -7.66457
40.3922 -7.74309
41.3077 -7.90687
41.2235 -8.35033
41.455 -8.67523
41.6726 -8.90456
41.8686 -9.23923
40.971 -9.11724
42.0144 -9.80817
42.2992 -10.0384
40.6236 -8.88651
40.216 -9.06738
40.3024 -8.50759
40.1238 -8.27658
26.7807 -7.56436
26.9444 -7.80118
27.1343 -8.0675
27.725 -8.24035
27.9464 -7.90052
27.7818 -7.6162
28.2439 -7.61256
27.5511 -8.34657
27.3571 -8.48829
27.617 -8.6897
27.8689 -8.89688
28.1781 -9.10448
28.4144 -9.4218
28.5861 -9.67259
28.8985 -9.875
29.1812 -10.136
29.525 -10.3798
29.8451 -9.9965
30.1283 -9.81739
29.7634 -10.6942
30.0466 -10.9353
30.9213 -11.0922
32.2036 -11.219
31.0522 -10.4641
30.9058 -10.0658
31.2536 -9.75146
31.6616 -9.78342
31.3974 -9.3041
31.3614 -8.8514
31.4279 -8.33397
31.6128 -8.13245
31.4483 -11.8122
31.2314 -12.4835
31.6232 -12.7896
31.8164 -12.7415
30.9385 -13.3901
30.7895 -13.899
31.1359 -14.3198
31.3163 -14.1388
30.8628 -14.9046
30.2802 -14.8386
31.3595 -15.0121
31.6672 -15.2365
30.4648 -15.5337
30.7419 -16.1493
30.9772 -16.5158
31.2327 -16.6262
30.0194 -15.782
29.4707 -15.8685
29.7994 -16.3616
29.6138 -16.635
29.8942 -16.9645
30.586 -17.0383
29.683 -17.3567
29.3882 -17.5376
29.256 -18.044
30.1138 -18.3273
29.9029 -18.6183
29.5602 -18.764
28.4586 -18.1587
28.1098 -18.9227
27.2762 -18.7078
27.5773 -18.3155
27.3029 -19.9305
26.575 -19.573
28.3154 -20.0049
28.4198 -20.2009
25.897 -20.3521
25.629 -20.3945
25.5904 -20.7109
25.1852 -20.6425
26.8662 -20.6592
26.6716 -21.0577
26.6141 -21.5444
26.465 -21.8384
26.4131 -22.266
26.3701 -22.7888
26.5354 -23.1093
26.8843 -23.3457
26.7027 -23.8019
26.2891 -23.7125
26.865 -24.3835
27.171 -24.6761
27.2341 -25.0624
27.528 -25.1544
28.1432 -24.9123
27.8145 -24.2824
28.5974 -24.5393
28.3819 -23.8538
29.0645 -24.9364
29.2851 -25.1317
28.6404 -23.6038
28.519 -23.2828
28.2003 -23.1903
28.0169 -23.0424
28.4505 -25.5627
28.1665 -25.9058
28.449 -26.1547
28.9032 -26.4994
29.5046 -26.4492
29.5671 -25.9547
29.4574 -25.7165
29.7635 -25.4718
29.8861 -26.8788
30.2191 -26.6927
30.4616 -27.0046
30.7003 -26.6001
30.7344 -27.4069
31.0242 -27.5993
31.3273 -27.7874
31.7577 -27.9509
32.032 -27.8922
32.287 -28.0378
32.8236 -28.1249
33.0993 -28.1462
33.2757 -28.3554
33.5373 -28.5089
33.825 -28.494
34.2124 -28.6288
34.4537 -28.7316
34.8089 -28.9414
35.2565 -28.9452
35.369 -28.6542
35.5224 -29.1648
35.8027 -29.3078
36.025 -29.4809
36.2947 -29.6669
30.4184 -14.5547
23.702 2.14983
23.5729 1.9473
63.8847 2.19532
50.5336 2.23273
50.2484 2.07713
-41.3997 2.0741
-41.6178 1.41548
-42.1163 1.90554
-42.6794 1.74133
-41.352 1.18468
-41.0102 0.79035
-41.9492 0.387948
-42.2938 0.158519
64.5447 2.73493
54.244 -0.61758
54.1015 -1.17081
54.6324 2.98296
54.2203 2.7915
53.6873 2.39898
53.1147 1.96765
52.7933 1.45214
53.2752 0.921082
53.6161 1.50624
54.1974 1.52041
54.61 -1.83234
53.8782 -2.58291
55.3502 -1.92982
55.8435 -1.61125
53.2343 -2.71857
53.7182 -3.35521
52.8224 -1.66318
53.2835 -1.86478
53.3419 -3.75714
54.0786 -4.02404
53.6383 -4.42999
53.3159 -4.71952
53.0897 -5.14609
52.6309 -5.53805
53.2906 -5.77767
53.491 -6.27201
52.8108 0.442196
52.3288 -0.0438778
52.0262 -0.351694
52.0635 -0.920029
53.5385 0.0452324
53.9505 -0.347415
54.1953 0.443227
54.8416 0.715087
53.4133 -0.900784
53.1756 -0.796697
-70.2324 3.08787
55.0454 3.18392
49.2949 2.94954
49.0249 2.84528
55.7073 3.27771
67.5121 3.42953
-70.0445 3.40453
66.7484 3.50026
66.9393 3.19163
61.714 3.66157
-33.789 4.02834
-34.2285 3.82191
-34.5818 3.21347
-35.3306 3.56219
-34.101 2.70601
-33.3657 2.42275
-34.6088 2.41771
-34.7933 2.02963
66.3157 4.52889
-70.1552 5.24787
-70.4045 4.9599
-70.5316 4.46379
-27.1012 5.48725
-27.2913 4.705
-26.8353 4.3388
-26.4349 4.19083
-27.6776 4.47598
-28.1112 5.12034
-27.8805 3.9402
-27.9545 3.52912
-71.5708 5.55906
-71.9544 5.10532
-71.6089 4.68704
-71.3881 4.37846
70.0115 5.94847
76.3104 6.23311
76.0061 5.99892
75.5776 5.91084
75.2885 5.64603
74.9659 5.59455
74.5844 5.47488
74.3145 5.23518
73.8552 5.39352
73.7338 5.09381
73.2175 5.10464
72.7265 4.91156
72.7294 4.45598
72.3414 4.87808
72.0209 4.55062
71.5874 4.75576
71.2206 4.6562
70.9167 4.7107
70.6212 4.7625
70.0919 4.74052
69.9226 4.24855
69.693 4.61349
69.2966 4.47546
69.2457 4.11933
69.6448 3.67505
68.887 4.02159
68.787 3.67775
68.502 4.30106
68.2577 3.95946
67.8952 4.17396
67.6462 4.6749
67.5338 4.06074
67.2223 4.01009
-18.9695 6.54453
-17.6035 6.57633
-12.4195 6.94204
77.9706 6.99501
78.4008 6.98197
79.3368 7.26353
-20.0046 7.31772
-20.3715 6.98615
-20.7054 6.56172
-21.2538 6.83654
-20.3206 6.02093
-21.0621 5.5469
-19.5435 6.35124
-19.3286 6.01056
-66.218 7.45318
79.9499 8.50676
-70.1955 8.4046
-70.4363 8.1212
-70.7263 7.92619
-71.1363 8.18389
-68.5945 8.67953
-14.6939 8.81899
51.67 8.99229
-43.1232 9.20768
-43.2418 8.92804
-43.8579 8.64667
-44.4646 8.83877
-43.6791 7.90729
-44.1336 7.47685
-42.9692 7.89022
-42.5636 7.68942
54.8805 9.31704
-13.1612 9.20506
-13.3574 8.76977
-13.219 8.19071
-12.8008 7.75703
-13.7004 7.86149
-14.3095 7.47545
-14.1317 8.17314
-14.5502 8.13699
54.444 9.27806
-66.5362 10.1719
-75.4023 10.6834
-75.3301 10.387
61.2923 1.31233
80.7618 11.0218
80.6338 10.6666
80.598 10.0558
81.0996 9.94133
81.3712 9.59091
81.9427 9.80474
82.1908 9.80698
82.434 9.79025
80.3978 9.39744
80.5379 8.88436
79.9494 10.1036
79.6221 10.376
79.8251 9.28606
79.5868 8.93181
79.2469 8.55311
79.0248 8.19186
78.8885 8.84991
78.594 8.52335
78.3401 8.00234
78.1017 7.82878
78.2705 8.67243
77.8216 8.64712
77.4071 8.40868
76.9495 8.51683
76.738 8.31116
76.23 8.76681
77.3508 7.72181
77.614 7.66644
75.9041 8.60241
75.3757 9.14861
75.7339 8.28569
75.5061 8.035
75.2061 7.68013
75.7286 7.1921
74.801 7.74704
74.8154 8.63832
74.4008 7.62764
74.0815 7.70641
74.1069 7.09922
73.7042 7.35296
72.9174 7.03042
72.6485 7.67875
73.4078 6.36641
73.84 6.58166
71.6545 6.74591
71.435 7.32247
71.7941 6.18644
71.5018 6.14481
70.6629 6.59679
70.2765 6.94718
70.5631 6.08112
70.506 5.76029
69.9102 6.49575
69.9783 7.29766
70.5153 7.9492
70.6656 8.16209
69.3455 7.04997
69.1666 8.09862
68.8914 7.22539
68.7197 7.546
69.0094 6.2195
69.5487 5.79927
69.333 5.61151
68.7734 5.37802
68.2772 6.26539
67.7474 6.10953
67.3058 5.86922
66.91 5.90594
66.5235 5.64064
66.1098 5.45759
66.8716 5.34077
66.8055 5.03231
65.8559 5.0784
65.188 4.83019
65.5349 3.96359
65.5634 3.71167
64.4584 4.11916
65.0348 3.16028
63.8376 4.6106
63.1287 4.15526
63.2714 3.26206
62.4493 3.33085
63.3957 2.78555
63.8287 2.69541
62.3957 2.94439
61.8285 2.54054
61.6121 2.7893
61.1144 2.71735
61.757 1.94703
60.8899 1.75951
62.2753 1.8846
62.3581 1.50787
62.9186 2.21418
63.0027 2.47529
62.1707 4.68252
61.6077 4.78432
61.3283 4.47755
61.1242 4.65307
62.2266 5.40137
62.7344 5.54671
62.1192 5.85972
62.4065 6.26425
60.6776 4.41653
60.2824 4.38202
59.8383 4.35859
59.2901 3.93862
59.7924 3.34384
59.8576 2.89961
60.115 2.30185
59.684 2.29378
58.7976 3.48589
59.2828 2.78
57.5704 2.9073
56.248 2.7905
57.1256 3.71942
56.3999 3.42591
57.4166 4.32088
57.5589 4.52752
57.7688 2.07591
57.3213 1.46369
56.8773 1.63969
56.7648 1.20517
58.4459 2.03555
58.803 1.92232
59.1266 1.92192
59.3055 2.09722
79.5744 9.87676
57.7904 11.0537
57.46 10.9025
57.1284 10.6157
56.7757 10.2001
56.5545 10.0376
56.0214 10.407
56.2925 9.56533
55.8555 9.2352
-35.3777 10.9865
-35.6652 10.8612
-36.2017 10.3585
-36.595 10.5823
-35.619 9.74095
-35.0854 9.47009
-36.272 9.21558
-36.6071 9.47533
-66.4063 11.0801
63.5539 11.6863
-66.8583 11.7591
72.5531 12.4652
-28.6974 12.721
-29.2283 12.5068
-29.4625 11.921
-29.9787 12.3057
-29.49 11.1957
-30.0392 10.5567
-28.8726 11.218
-28.3387 11.2832
65.9125 13.0636
65.516 12.8426
65.4235 12.2556
65.9136 11.9592
64.8167 12.1789
64.3007 11.3497
64.3556 12.2391
63.9367 12.3977
88.0325 12.2536
88.8174 11.68
88.2537 11.4009
87.7212 11.1448
87.1795 11.031
86.8405 10.6513
86.9011 9.76742
87.0582 8.79909
87.1814 8.29556
87.2939 7.81072
87.0827 7.38873
86.5502 7.27521
86.4177 7.04111
88.5961 13.0253
88.5029 12.6839
88.6949 12.2553
88.4314 12.029
68.5933 13.2712
67.6114 13.1611
67.2446 13.027
71.2721 13.3931
68.9248 13.9246
68.2898 13.7418
69.6376 14.1027
-14.207 14.1858
70.6156 14.2636
75.1805 14.4795
72.8326 14.6803
73.4034 14.521
72.513 13.9982
72.9097 13.6425
72.0316 13.7572
71.806 14.4628
71.5785 14.1909
71.0764 13.9778
-21.589 14.6191
-22.026 14.2847
-22.342 13.7675
-22.8335 13.8957
-22.3082 13.1551
-21.715 13.2739
-21.2577 13.1344
-20.9753 12.817
-73.1663 14.9789
73.2843 15.0068
95.3658 15.2728
74.6888 15.3626
74.9572 14.9953
74.3782 14.8923
74.1685 14.5105
80.5006 15.4129
81.0124 15.5295
-46.807 15.692
85.6537 16.0242
86.2157 16.1674
-72.4045 16.2445
-44.7909 16.224
-45.3138 15.8371
-45.9923 15.8423
-46.3468 15.9298
-45.1476 15.2115
-44.5077 14.9111
-45.7263 14.8588
-45.8651 14.4027
84.9032 16.3959
-14.9277 16.3553
-15.1046 15.9568
-15.1212 15.1574
-14.6052 14.7847
-15.7277 15.1613
-16.1122 14.3934
-16.1433 15.6673
-16.4932 15.9507
87.1305 16.6976
-72.0125 16.9655
-72.6056 17.2522
-72.3522 17.2379
-73.1695 17.7014
-73.1218 17.222
-73.5962 17.4912
-73.9569 17.1765
-75.6407 17.9645
-75.4651 17.4117
-36.4674 18.4342
-36.8981 18.0769
-37.325 17.7722
-37.6721 17.1773
-38.3832 17.3885
-38.8396 16.785
-38.9366 17.6762
-39.4254 17.5058
-37.3812 16.4311
-38.2235 16.0222
-38.6687 15.7577
-39.1311 15.3522
-36.551 16.539
-35.8701 16.3016
-36.4784 17.2337
-36.1219 17.3735
38.0041 19.8805
38.5352 19.8184
37.4297 19.9803
27.423 19.8634
27.9333 19.2527
27.9664 18.5781
27.9693 18.0603
28.4759 19.5245
28.8964 18.9634
29.3995 18.6845
29.4734 18.3314
29.436 20.161
-30.173 19.9536
-29.9564 19.8938
-30.4209 19.8337
-30.7233 19.6556
-30.87 19.3412
-30.4099 18.9278
-31.2836 19.0395
-31.6732 19.4057
-31.7387 18.642
-31.3605 18.348
-31.3501 17.985
-30.92 18.2616
-30.736 18.1229
-30.333 18.0957
-29.8286 18.2635
-30.0922 18.4645
-76.3036 20.2312
-76.5759 20.2172
-76.0967 19.616
-75.9889 19.1362
-73.6124 20.4663
-67.7299 20.8696
-67.3195 21.2045
-76.2195 21.2045
99.7805 21.3295
100.197 21.2563
100.387 20.9934
-68.1244 21.3327
98.5819 21.4156
98.0521 21.3231
97.5772 21.1816
98.0537 20.9442
97.201 20.9887
96.7582 20.7808
96.364 20.8648
95.777 20.6535
95.126 20.3759
95.1087 19.906
94.5167 20.3268
93.9805 20.1216
93.5358 20.0402
92.9727 19.8649
92.3288 19.6759
91.8506 19.4245
91.2897 19.4127
91.1007 18.9271
90.6612 19.3499
90.2017 19.1884
89.8743 18.923
89.4905 18.7726
89.1422 18.7337
88.7237 18.793
88.2929 18.6647
87.8748 18.624
87.4702 18.4304
87.1188 18.0823
86.6262 17.6564
86.8581 16.9519
85.9939 17.577
85.5357 16.8805
85.5553 17.8006
85.049 17.7713
84.5245 17.4905
84.5466 16.89
83.8489 17.5317
83.406 17.3369
82.8433 17.036
82.9794 16.2488
82.373 16.6622
82.039 16.6085
81.4512 16.5611
80.8914 15.9319
80.8134 16.7467
80.2624 16.6053
79.9714 16.4048
79.482 16.3504
78.8264 15.8761
78.1855 16.1598
77.6207 15.9867
76.9198 15.8819
78.5536 15.3099
79.0653 15.1738
78.0228 15.0802
78.3305 14.8863
76.7394 15.478
77.3702 15.2727
77.0491 14.8748
76.6532 14.7159
76.2361 15.4877
75.9477 15.2143
75.7079 15.3372
75.4364 15.5825
93.2436 21.4652
99.0446 21.5611
99.2634 21.4076
-23.4063 21.5968
-23.7803 21.1843
-24.3333 21.0065
-24.1516 20.668
-23.946 20.1239
-24.459 19.6187
-23.22 20.0642
-22.8082 19.9412
34.6991 21.4767
34.944 21.0746
35.4096 20.7568
35.2743 19.9769
36.1836 21.0595
36.1562 21.5315
36.3848 20.5566
36.6508 20.2078
-72.4701 21.7223
99.7384 21.7361
100.035 21.7352
-76.8335 21.5495
-76.7793 20.9327
36.3115 22.0106
-18.3345 22.2145
-46.0255 22.1598
-74.8045 22.2295
-74.271 22.4905
93.4805 22.7545
-72.7511 23.0063
-72.6138 22.3834
-46.6007 22.9196
-46.9616 22.7128
-47.4532 22.4148
-48.0845 22.6947
-47.3606 21.6914
-47.8826 21.1588
-46.7137 21.77
-46.2198 21.7486
42.8618 23.2999
42.6945 22.8828
42.8156 22.362
43.4731 21.948
42.1541 22.2218
42.0902 21.5106
41.8732 22.631
41.7093 23.1981
93.6805 23.5295
106.901 23.5506
106.418 23.4434
105.959 23.3274
105.502 23.2056
105.007 23.0772
104.33 22.9388
103.755 22.7761
103.333 22.5906
102.939 22.6093
102.597 22.431
102.14 22.4488
101.714 22.1335
101.337 21.8906
101.295 21.2798
100.897 21.8637
100.575 21.7139
-16.4345 23.5588
-16.6418 23.3422
-16.7026 22.9647
-17.1321 22.5101
-16.8884 22.1494
-16.5306 22.0085
-16.2793 21.7445
-16.0862 21.4575
-17.5806 22.5769
-17.6214 21.8497
-17.546 21.6149
-17.9107 21.4045
-17.8031 22.9264
-17.6501 23.3497
-18.1112 22.949
-18.2745 23.1901
108.559 23.6032
-70.9104 24.084
-38.5541 23.7812
-39.7386 24.9307
-40.0726 24.6379
-40.3473 24.4678
-40.5912 24.4249
-39.6461 24.4892
-39.2132 24.8721
-39.412 24.1315
-39.8012 23.9049
-40.0688 23.5259
-40.2879 23.1112
-39.7494 23.3259
-39.3952 23.3629
-39.0464 23.4798
-38.6495 23.5391
87.7955 25.2095
-77.871 25.1692
-77.7241 24.5287
-77.556 23.8043
-77.3962 23.2421
50.3033 25.3479
50.2152 24.531
50.5945 23.9481
50.6912 23.6451
49.5125 24.2722
49.2744 23.3219
48.9188 24.3666
48.6332 24.8492
55.8176 25.9379
-70.2334 25.8704
-70.37 25.514
-70.0712 25.1512
-69.9141 24.8428
-70.7567 26.1212
88.4699 26.1714
-70.7181 26.662
90.3433 26.4079
89.993 26.3615
89.5566 26.3698
90.6132 26.6769
91.036 26.4309
-32.1545 26.7542
-31.689 26.6437
-32.3766 26.441
-31.9892 26.2788
-32.7431 25.8808
-33.3422 25.957
-33.2734 26.3169
-33.4433 26.5649
-32.6954 25.1724
-32.0036 25.4828
-33.2413 24.7132
-33.3305 24.4999
-31.6233 25.4352
-31.5817 25.115
-31.3471 25.442
-31.1329 25.2169
57.1552 26.9146
56.6715 26.7194
56.421 26.3112
55.7807 26.4818
56.3918 25.7635
56.1674 25.2379
57.3074 25.8428
57.6827 25.5123
92.2453 26.8269
91.96 27.1295
91.9964 26.8217
94.5528 27.304
93.0255 27.3446
27.4883 27.1728
27.343 26.5335
26.609 26.4094
26.5871 26.8035
26.6161 25.6899
26.2344 25.0816
27.4639 25.5533
27.7896 25.3684
94.6805 27.7795
96.3811 27.7263
93.6822 27.7596
93.7823 27.4365
93.7501 27.0786
93.3633 26.9856
-71.1168 27.8795
92.4196 28.1097
-69.3717 28.0155
-69.7496 27.9433
89.661 28.4568
88.8975 28.365
88.2365 28.0915
87.6712 27.8641
87.2119 27.7266
86.6034 27.5382
85.8557 27.47
85.5854 26.975
86.2458 26.7311
85.0466 26.2669
84.3948 25.8546
85.572 25.538
86.2044 25.7393
86.677 25.8095
87.2224 25.7262
87.5381 25.9494
87.914 26.0673
-76.4797 28.5744
-75.9695 28.6617
86.1305 28.6467
-24.8806 28.7064
-25.6307 28.371
-25.8614 27.6238
-26.4031 27.3571
-26.2359 26.5503
-25.2101 27.4557
-25.1006 28.1381
-24.7853 27.334
-24.3332 27.0286
99.4617 28.9233
91.5981 28.8249
90.2097 28.6642
92.3835 29.1805
92.0672 29.1021
90.7676 28.6969
90.6801 28.3479
87.3512 29.3112
34.0977 29.2651
33.9446 29.0183
34.0581 28.7864
34.7116 29.1482
34.3068 28.7244
33.9936 28.4283
33.3148 28.2818
32.8612 28.5188
33.6059 27.7207
32.9528 27.6902
33.3245 27.0455
33.2655 26.6632
34.6115 27.3832
34.9124 27.6482
34.6945 27.0537
34.0065 26.9243
-78.8171 29.2699
93.9877 29.773
93.4659 29.4998
93.0693 29.3344
94.8733 29.8613
83.3877 29.929
96.2233 30.2117
95.4692 30.1258
78.0208 30.1737
78.0835 29.4585
78.445 29.0837
78.4909 28.5142
-17.4689 30.4033
39.293 30.567
-79.2079 30.7034
-79.0761 30.2861
41.4099 30.6836
41.0036 30.0555
41.4895 29.4723
41.8975 29.0202
40.3769 29.6133
39.9982 30.184
40.4108 28.7538
40.8168 28.878
-18.3862 30.8492
-18.6803 30.6784
-18.9208 30.1033
-19.4543 30.1799
-19.8342 30.0283
-20.2079 30.1756
-19.9626 29.5705
-20.1552 29.2069
-18.5912 29.777
-18.8375 29.116
-18.2671 29.052
-18.0362 28.7845
-19.3613 28.7621
-19.4121 28.4658
-19.6984 28.178
-19.5847 27.7888
83.0832 31.2718
83.2378 30.9406
83.0686 30.7535
83.1427 30.3597
-19.914 31.4981
77.0509 31.4928
76.9131 31.1639
77.2405 30.732
84.3802 31.7343
23.6055 31.792
-19.4483 31.6092
77.6433 32.0212
94.0736 31.8689
93.9752 31.6436
86.968 32.1545
95.6737 32.1883
47.8082 32.5653
48.4577 32.549
48.1287 32.0027
47.2977 31.7361
46.6866 31.9316
47.9483 31.253
48.6641 31.0056
47.2146 30.9792
47.0519 30.6084
48.1176 32.7879
95.5151 32.968
93.7799 32.8623
93.2403 32.8727
-18.3573 33.2271
-79.6744 33.2706
87.0604 33.6072
86.7532 33.3715
87.6126 33.2583
88.0475 33.6123
88.1052 32.9601
87.9016 32.5417
87.9898 32.1439
88.4911 32.0626
88.4145 31.5078
88.4597 30.9757
89.1535 31.9587
89.6576 32.0202
89.6808 31.5106
89.2444 31.3899
90.0165 31.4615
90.4666 31.7465
55.3565 34.0001
55.648 33.4176
54.6766 33.5901
53.9662 33.736
54.9796 32.8732
54.5912 32.4317
55.51 32.6065
56.0068 32.4792
25.68 34.2129
24.9019 33.4795
24.2563 33.2003
24.0728 33.4499
24.9703 32.6931
24.4949 32.0733
25.8152 32.6498
26.2331 32.481
80.7311 35.0058
-50.5758 35.7983
-49.21 35.7886
-49.6969 35.725
-50.049 36.0837
-39.2809 36.2098
-39.6266 36.0781
31.0497 35.3275
31.5078 33.7441
33.3763 34.3915
32.116 36.2088
32.3978 35.7667
32.7971 35.8775
33.1025 36.1775
31.7669 35.4057
31.5645 35.8108
32.0598 34.7002
31.7457 34.0303
32.9043 34.5506
33.1346 35.1095
76.5151 36.1741
76.1223 35.9209
76.4497 35.5224
76.6222 34.9294
76.7738 34.2822
76.8896 33.5455
77.0628 32.8951
77.3474 32.5018
-34.1695 36.9837
-35.7846 37.0093
-36.9257 36.9887
-36.5719 36.902
-35.0562 37.3819
-31.6316 37.7953
-36.5368 37.779
-36.7945 37.6295
39.1911 37.6598
39.9144 37.7264
38.8783 37.0748
37.9989 37.3491
39.36 36.4988
38.6317 35.9711
40.1949 36.4874
40.2243 36.0116
-40.149 37.9456
20.1305 37.9979
-32.9009 38.1077
-29.8269 37.999
-30.1311 37.4897
-29.6409 37.4956
-29.2602 37.5941
-30.6483 37.3517
-31.058 37.832
-31.1334 37.2362
-31.6971 37.0458
-32.2104 36.9515
-32.6545 36.8479
-32.922 36.713
-33.2284 36.8228
-33.4262 36.7799
-33.8674 36.4937
-34.4475 36.4367
-34.6928 36.7886
-34.8916 36.2518
-35.4139 36.311
-35.7152 36.2421
-35.9045 36.0339
-36.2148 36.0994
-36.5237 36.0463
-36.891 35.9092
-37.3452 35.9838
-37.7669 36.2469
-37.559 36.6745
-38.1374 36.6798
-38.2621 36.4306
-38.2271 35.6819
-38.709 35.5513
-38.9149 35.3054
-39.412 35.1685
-40.0365 35.0156
-40.6292 34.8821
-41.2009 34.7498
-41.7296 34.6067
-42.2467 34.4785
-42.7553 34.3533
-43.4182 34.193
-43.9877 34.07
-44.398 33.9569
-44.8426 33.8447
-45.429 33.702
-45.905 33.636
-46.3596 33.5331
-46.7634 33.4009
-47.2244 33.2802
-47.7466 33.1587
-48.2633 33.0198
-48.853 32.8843
-49.3932 32.7728
-49.9474 32.6365
-50.4372 32.6225
-50.9294 32.3904
-51.4608 32.2777
-52.0108 32.1322
-52.5588 32.0125
-53.1053 31.9379
-53.6024 32.0627
-54.0424 32.2246
-54.395 32.3593
-54.7183 32.4975
-54.9961 32.6909
-55.3573 32.9834
-35.0359 38.1814
-33.4494 38.1556
-33.6012 37.9025
-49.5271 37.8364
-50.0252 37.2588
-50.5421 37.5195
-50.2646 38.0367
-49.1188 37.6342
-49.229 36.6205
-48.6304 37.5142
-48.3571 37.8807
-30.6328 38.323
-39.8757 38.2854
-55.8743 38.2075
-55.5344 37.8278
-54.9971 37.6835
-54.4968 38.0101
-32.2945 38.6795
-32.6928 38.7627
-39.4853 39.0175
-56.0445 38.9938
-31.5668 39.2258
-31.4506 38.9773
-31.3736 38.7191
-31.5342 38.3248
-32.0445 39.3795
-29.8977 39.3506
-29.7695 38.9973
-81.3119 39.1589
-81.2456 38.7495
-81.1089 38.3401
-81.0012 37.9464
45.415 39.0833
44.9824 39.1002
46.1538 38.8477
46.587 39.4389
46.4521 37.9896
45.7492 37.4807
47.1709 37.9771
47.5455 37.9226
47.2617 39.5827
-55.4695 39.6795
-33.169 39.7468
22.3955 39.7968
-32.0894 39.9686
-77.207 39.9045
-29.8339 40.3479
-39.9822 40.5895
-75.7968 40.428
82.5183 40.4635
82.5461 39.9327
-52.0495 40.6695
-24.5906 40.8945
-28.9393 40.7991
-29.2604 40.7097
-29.7641 40.7674
-30.256 40.6421
-27.4651 41.0447
-54.0695 41.1295
-51.0212 41.1707
53.7009 41.0652
53.0687 40.81
52.6779 40.275
52.1293 40.7063
53.1308 39.6568
52.92 39.109
53.8345 39.6007
54.2331 39.4107
-50.2681 41.2846
82.9024 41.3348
-34.4201 41.0377
-34.4007 40.5731
-34.3224 40.1872
-34.1311 39.8
-34.0058 39.07
-33.8843 38.4997
-33.5505 38.9563
-33.1965 38.8741
-52.763 41.345
-52.9905 41.1798
-53.1574 40.947
-53.3326 40.6896
-24.9323 41.4268
-33.9195 41.492
-33.9059 41.2303
23.8901 40.6363
24.4039 39.4576
23.0462 39.148
22.4109 41.2549
24.2571 41.4644
23.9139 41.0728
23.7346 40.0254
23.1644 40.5103
22.9522 40.0095
22.7194 39.5328
22.5529 40.7308
22.3641 40.5819
-48.2339 41.6242
-72.9176 41.4527
-73.2654 41.1482
-73.7734 41.2097
-74.0776 40.7152
-73.851 40.2352
-74.4288 40.2137
-74.8597 39.8992
-75.1071 39.4834
-75.0779 41.5597
-26.2858 41.4057
-25.9466 41.2033
-26.5671 41.3242
-26.7768 41.068
-26.0482 40.73
-26.3708 40.5021
-25.5131 40.7632
-25.1352 40.8059
-26.7372 40.3818
-27.1053 40.5005
-27.4218 40.3641
-27.7713 40.244
-28.1723 40.2439
-28.8117 40.2422
-28.2144 40.0692
-28.7873 39.8798
-27.0497 41.7404
80.7257 41.7311
24.5492 41.8545
-26.6612 41.9167
-26.1549 41.9847
-46.6508 42.0733
-72.6633 42.1413
-72.5661 41.8956
-46.2849 42.2305
-76.3644 42.3621
-76.4297 42.112
-76.421 41.6781
-76.3494 41.29
-76.3508 40.9727
-76.5358 40.6595
-76.3699 40.3553
-76.4461 40.1216
-45.4703 42.4788
-66.3564 42.3726
35.7655 42.5945
-74.288 42.3988
-82.053 42.2888
-81.8686 41.524
-81.6776 40.7306
-81.5336 40.0321
-66.9168 42.726
-67.0297 42.499
-67.2756 42.3235
-67.5242 42.3884
21.7132 42.9068
-14.6195 42.9295
-37.204 42.8987
35.2692 43.0918
34.5055 43.1108
29.4483 42.9792
30.0356 42.564
30.4804 43.1364
31.0326 43.0266
30.3032 41.7132
29.9522 40.9271
31.0572 41.6892
31.4679 41.3517
-44.1748 43.4576
-17.3102 43.4639
82.1309 43.2448
82.219 42.8519
82.5456 42.3829
83.0378 42.0609
-37.5461 43.3345
29.0217 43.447
29.8257 43.6444
-33.062 43.7061
-45.3468 43.6205
-45.846 43.445
-46.3468 43.3638
-46.8051 43.2364
35.6925 43.8453
-13.5707 43.8295
-13.8818 43.7908
-41.6997 44.0289
29.6305 44.0295
29.4925 44.2953
-44.1777 44.3577
-43.6349 44.0941
-43.3878 43.7356
-42.7705 43.8248
-44.8961 44.2287
-45.4143 44.11
-46.1458 43.927
-46.8057 43.7536
-47.6926 43.5262
-48.4668 43.3876
-49.1922 43.2151
-49.912 43.0254
-50.5574 42.8543
-51.2388 42.6893
-51.9486 42.5098
-52.6107 42.303
-15.6068 44.3923
-35.2923 44.3229
-35.1886 44.1188
-31.9484 44.5845
41.7147 44.6675
-12.9779 44.6879
-12.4848 44.6712
37.4872 44.6814
38.0953 44.74
37.0204 44.2411
36.2801 44.5234
37.2337 43.5218
37.1141 42.8191
38.1018 43.5023
38.4959 43.1251
36.2471 42.8932
-16.7323 44.8268
-11.9674 44.7832
-11.5147 44.7156
-37.0172 45.0438
-37.9586 44.8559
-38.1212 44.2889
-38.619 44.2537
-38.8054 43.358
-39.6769 43.5573
-40.3574 43.4549
-40.0318 44.2327
-40.5939 44.2281
-38.7589 42.4188
-38.6959 41.5142
-39.559 42.4516
-40.172 42.3527
-39.2737 41.1603
-39.7321 41.4702
-40.2317 41.6905
-40.8354 41.6476
-38.3588 40.4777
-39.0311 40.3952
-37.306 40.659
-36.8739 41.218
-37.1504 39.7721
-36.7963 39.4073
-36.7018 39.0017
-37.2767 38.5684
-38.6817 39.2871
-39.1453 39.4667
-38.7273 38.5471
-38.1829 38.3177
-38.0546 37.9065
-38.5545 37.6705
-38.89 37.4931
-39.2537 37.4363
-11.039 45.199
79.9779 45.3082
-10.5509 45.3196
-66.6053 45.3664
41.0814 45.1698
40.656 45.1673
41.4596 45.108
41.8231 45.1839
78.2677 45.4823
-7.81204 45.652
41.5213 45.8437
37.0959 45.8688
-66.5816 45.8953
-6.54705 45.8938
-7.22199 45.7908
-3.32266 46.0077
79.9496 45.9104
40.9766 46.059
-37.3235 46.1141
-37.6919 46.0382
-38.1529 45.9014
-38.5708 45.7397
-39.1065 45.665
-39.727 45.5671
-40.3287 45.4304
-40.8798 45.3071
-2.54452 46.2045
-6.69197 46.2968
-7.23653 46.1496
-22.8691 46.5589
-77.8748 46.3774
-77.7907 45.9557
-77.6378 45.384
-77.6171 44.718
-4.97702 46.7245
-16.2501 46.2503
-16.2086 45.6067
45.6714 46.6205
45.4153 46.4849
-4.40287 46.8643
-2.6229 46.8645
-4.06952 46.9545
-27.8415 46.894
44.0638 46.84
45.0879 44.7139
43.154 46.1895
42.1055 46.1855
44.6612 46.4234
44.4074 45.8857
44.1451 45.0713
43.9714 44.3818
44.8816 45.2113
45.2547 45.405
43.7317 45.8148
43.6006 46.1487
42.5807 46.4178
43.0884 46.7355
44.891 46.9623
-74.4905 47.064
-0.444013 47.2819
-1.03047 47.2363
77.8644 47.5001
76.9583 47.8282
2.59714 47.9448
1.98498 47.7804
1.3113 47.6427
0.719749 47.5196
-79.0437 47.6605
-21.4633 48.0389
-75.5359 47.874
-75.9901 47.3643
-76.751 47.3531
-76.9538 47.064
-75.8435 46.9267
-76.0942 46.3631
-75.8878 46.1051
-75.4055 45.9156
52.051 48.0726
51.5409 47.6576
50.8349 47.6688
50.4379 47.7497
51.5868 46.8388
51.0811 46.207
52.254 46.7651
52.6974 46.5139
-76.1112 48.0941
-76.2334 47.9095
-83.6015 48.4795
77.3933 48.3179
77.3339 47.4566
77.6082 46.8943
77.3794 46.7698
-31.9024 48.3187
-32.3634 48.1212
-33.0022 47.9817
-33.5991 47.8182
-31.706 47.9629
-31.5617 47.3341
-31.3769 46.5632
-31.3503 46.1045
-34.2085 47.6609
-34.8657 47.4984
-35.4911 47.3461
-36.0058 47.2037
-36.2849 46.8834
-36.1922 46.268
-35.9948 45.5259
-35.997 45.0264
6.05547 48.7295
-79.2195 48.5545
6.45546 48.9795
6.80547 49.0545
9.58671 49.2483
10.2273 49.4077
-28.5609 49.1379
-28.1288 49.09
-27.7644 48.697
-27.5595 48.0115
-29.0994 48.8237
-29.4434 48.3857
-29.5164 47.8508
-29.3322 47.3354
5.94547 49.4645
-83.7124 49.3724
6.97856 49.7174
6.45092 49.5704
12.0055 49.8295
-16.8703 49.9803
-76.8112 50.1667
-24.8502 49.9802
-24.4418 49.7392
-24.1581 49.3212
-24.0877 48.7114
-25.4487 49.8052
-25.816 49.5013
-26.0023 48.9548
-25.932 48.3045
77.4552 50.0479
15.045 50.3465
11.1065 50.3348
10.6801 50.218
77.7305 50.4795
10.5305 50.6045
17.0388 50.5573
-46.4493 50.4389
-46.7669 50.1885
-47.2665 50.034
-47.6036 49.9966
-48.1754 49.7679
-48.6797 49.689
-49.1467 49.564
-49.5146 49.5613
-50.0752 49.3499
-50.7058 49.1999
-51.2454 49.0721
-51.6334 48.9173
-52.0929 48.7895
-52.4498 48.7482
-52.8109 48.5542
-53.1837 48.4053
-53.5685 48.2772
-54.0699 48.1011
-54.4357 47.9372
-54.8858 47.7637
-55.2352 47.6485
-55.6729 47.5102
-56.0684 47.3226
-56.3226 47.1552
-56.6781 47.0193
-56.994 46.9081
-57.2669 46.7083
-57.6226 46.6209
-57.9554 46.3443
-58.3067 46.1653
-58.6194 45.9772
-58.9945 45.7728
-59.428 45.4915
-59.8319 45.2461
-60.2195 44.9157
-60.5846 44.6689
-61.0693 44.2755
-61.5426 43.8587
-61.8381 43.5321
-62.19 43.2054
-62.6321 42.7412
-62.9348 42.2697
-63.1085 41.9292
-63.2756 41.6317
-63.4232 41.3239
-63.5837 40.982
-63.7361 40.663
-63.9231 40.2783
-64.0017 39.9511
-64.1681 39.5084
-64.3129 39.041
-64.4565 38.6051
-64.6108 37.9985
-64.782 37.323
-64.9186 36.5056
-65.0769 35.5458
-65.2172 34.3972
-65.3462 33.4466
-65.4548 32.5761
-65.5635 31.6594
-65.7549 30.5625
-65.8904 29.426
-66.3887 28.7433
-65.9092 28.5274
-77.1056 50.4571
12.8942 50.6185
13.0393 50.5207
-76.7703 50.8182
-44.4041 50.8569
14.3734 50.7583
13.7529 50.7042
11.529 50.9573
11.2484 50.8477
11.8905 50.4322
12.2927 50.5121
12.2555 51.3295
15.8448 51.2719
-84.1643 51.1311
-83.9894 50.3065
21.6503 51.4686
-78.124 51.3219
-78.0293 50.9783
-78.3715 50.8647
-78.5071 50.4879
-78.1328 49.9326
-77.9189 50.0984
-77.8506 49.229
-77.4635 49.1224
-78.0944 48.7138
-78.4251 48.4666
-78.482 49.1288
-78.7218 49.6292
-78.405 48.0309
-78.0966 47.811
-78.1968 47.6045
-78.2658 47.3494
22.3304 51.6545
14.748 51.4741
13.8105 51.702
11.8173 51.6561
16.7003 51.5952
15.5305 51.7545
12.8555 51.8795
-17.6687 51.822
-17.2926 51.7613
-17.1674 51.2143
-17.0249 50.5297
-18.2243 51.632
-18.784 51.514
-19.3668 51.3933
-19.8785 51.2578
-20.3515 51.1329
-20.826 51.0055
-21.3317 50.8424
-21.8945 50.7091
-22.2393 50.3926
-22.0924 49.7491
-21.9603 49.2019
-21.8434 48.7448
13.7428 52.0798
-15.9649 51.7681
-16.4647 51.5574
-15.6785 51.1412
-15.1286 51.1529
-16.3997 50.8186
80.3622 52.4043
76.2805 52.9045
-12.7451 53.0073
-12.2213 52.7843
-11.9024 52.323
-11.8514 51.7757
-13.2075 52.8336
-13.5704 52.5744
-13.7893 51.9656
-13.7083 51.3603
-78.3106 53.1111
27.193 53.292
76.1805 53.3795
-10.1716 53.2985
-10.0522 52.9609
-9.82315 52.5216
-9.82524 52.2348
-10.6902 52.9938
-10.7536 52.6772
-10.8725 52.3139
-10.6717 52.1323
-58.6394 53.4686
-79.5695 53.6295
20.9721 53.5555
-64.8854 53.7
-65.0561 53.4957
-79.0945 53.7514
27.7505 54.1237
-17.9664 40.5565
-18.6132 40.4106
-19.4487 40.4479
-19.6313 39.9855
18.6952 53.9032
18.8615 53.4074
18.9504 53.0012
19.134 52.4418
19.168 51.8845
19.1582 51.3083
19.5061 51.2121
20.099 52.0261
20.533 51.8132
20.685 52.3087
20.2897 52.8073
19.8274 52.94
21.2406 51.8461
22.0044 52.0133
22.6729 52.2314
23.3954 52.3434
19.6068 50.6938
20.3207 50.9036
20.7829 51.0532
20.9761 51.3021
19.1367 50.0422
18.369 49.8716
17.7117 49.9099
17.2204 49.5563
16.6498 49.5082
16.102 49.2779
15.4062 49.1365
14.8843 48.9096
14.4402 49.3091
14.1993 49.6789
13.8011 49.7528
13.0214 49.3329
12.1595 49.1728
11.4217 49.0355
11.1544 48.5613
10.4707 48.3561
9.5218 48.3365
10.0975 48.9871
8.66884 48.3142
8.93044 49.0694
7.93301 48.1567
7.80309 48.7882
7.29714 48.026
6.50003 47.8892
5.4786 47.6275
5.84074 47.0394
4.72486 47.4327
4.40274 46.9716
3.84275 47.2842
3.21915 47.0377
2.16636 46.8149
2.38547 46.2042
1.11832 46.5773
0.31354 46.402
-0.387054 46.044
-1.19545 45.8753
-1.7787 45.8399
-2.5105 45.4501
-3.41998 45.6624
-4.02106 44.9328
-4.62132 45.1326
-4.55268 45.6801
-4.02608 45.6497
-5.20362 44.9553
-6.11091 44.8059
-6.93097 44.6322
-7.36573 44.187
-8.07304 43.9025
-8.80097 43.8847
-9.52329 43.6171
-10.1347 43.3966
-10.5765 43.5177
-10.9131 43.1574
-11.6305 43.4336
-12.0971 44.1293
-12.3854 43.2433
-12.988 43.95
-12.9444 42.9423
-13.4478 42.7924
-20.0455 41.0947
-21.2111 41.5542
-21.7549 40.8608
-22.0219 40.5147
-20.6511 42.384
-20.3087 43.1208
-21.2289 42.6302
-21.2459 42.9111
-22.4587 42.355
-22.0869 42.9623
-22.949 42.0128
-23.4319 41.796
-24.7051 41.858
-24.1899 41.1003
-23.8557 41.0238
-22.8459 40.3304
-23.6045 40.135
-24.1828 39.9206
-24.5451 40.0923
-25.1403 40.0685
-26.0119 39.7322
-26.5632 39.7037
-27.3169 39.5645
-28.6118 39.2334
-27.8853 38.6998
-28.3035 38.6906
-27.2413 38.8866
-26.4933 39.0403
-25.8833 39.2187
-25.2849 39.3747
-3.00763 45.5299
-3.31294 45.2859
-13.7399 42.518
-14.0017 42.9969
-14.0947 42.2834
-14.5091 42.2118
-15.2011 42.5231
-15.0454 42.7045
-15.8487 43.1603
-16.1358 43.3291
-15.3525 42.2975
-15.3175 41.8812
-15.3372 41.2763
-14.977 41.2643
-16.1097 41.0771
-16.7618 40.9827
-17.1519 40.7937
-17.5518 40.7347
-24.0297 41.586
-24.3219 41.8639
-27.9707 39.3729
-28.0238 39.1297
-15.1569 43.2854
-7.55728 54.2808
-8.18047 54.0118
-8.55787 53.3336
-8.50261 52.7131
-7.00967 54.1113
-6.67692 53.692
-6.59453 53.0709
-6.76787 52.6126
-63.2537 53.9956
-63.0954 54.2979
-63.2487 53.6138
-64.0252 54.0666
-63.6015 53.3241
-64.2569 53.2516
-64.2249 52.8834
-64.399 52.5974
23.1516 53.7758
23.4132 53.647
23.5795 54.0158
24.0133 54.0246
22.5378 52.8212
22.2832 54.0749
23.7951 54.545
23.2163 54.5291
22.7729 54.3467
22.8128 53.8187
22.3005 53.433
22.5876 53.1727
21.7066 53.4078
22.0795 54.0634
21.5223 53.0045
21.9186 52.8091
21.8696 52.6079
21.7914 52.2958
76.4469 54.5154
76.5819 54.1045
76.6194 53.4963
76.8099 52.8008
13.3974 54.8669
32.5545 55.1822
32.9827 55.0148
27.794 55.2591
31.9241 55.2584
-69.0923 55.4601
26.9166 55.4345
27.3502 55.3288
26.3891 55.2098
25.9671 54.963
25.4815 54.7942
25.1278 54.9704
24.967 54.4446
25.6281 54.0479
25.3806 53.5144
24.7651 53.9073
24.5631 53.4033
24.1852 53.6043
25.5836 52.9822
26.5775 53.1352
24.9828 52.8112
24.2564 52.5644
71.1072 55.4825
71.013 55.1668
-75.1194 36.8726
-75.5338 37.2326
-75.3164 37.551
-74.941 37.9184
-75.838 38.0687
-75.7524 38.4815
-75.8371 38.9846
-76.3568 39.1568
-69.2979 11.0545
-73.5008 55.215
-73.9245 28.5011
-74.1798 25.2823
-74.0526 24.6789
-73.9077 24.1526
-73.7592 23.6313
-73.6172 23.1031
-73.4437 22.4776
-73.1562 22.1987
-73.0492 21.6193
-73.169 21.1795
-72.9587 20.5774
-72.3663 20.3832
-72.1315 19.9788
-71.9684 19.4389
-71.8685 18.8889
-71.9604 18.2561
-72.2694 17.8895
-73.5488 29.8205
-73.6838 30.4529
-73.7038 31.0251
-73.4321 31.5635
-73.7046 32.2716
-74.3661 32.0822
-73.8935 32.81
-74.3513 33.0552
-74.6062 33.4875
-74.7518 34.042
-74.7647 34.512
-74.37 34.6649
-74.1729 35.224
-74.8671 35.5516
-74.996 36.0272
-74.7948 36.4379
-73.7361 35.1845
-73.3582 34.4751
-73.6978 33.6869
-73.8554 33.4218
-72.534 34.8701
-72.2427 34.3135
-72.1032 33.9962
-72.325 33.5884
-72.3939 35.6523
-72.2011 36.0519
-72.8532 35.7825
-73.0688 36.0674
-73.3431 36.2717
-73.4047 36.7976
-73.7949 36.2483
-74.0771 36.4625
-72.4885 25.2647
-71.9607 25.2303
-71.7877 26.1125
-71.8065 26.6107
-71.7542 24.9179
-72.2526 24.3495
-72.0719 23.9011
-71.5183 23.5363
-71.0799 22.9903
-70.8063 22.299
-70.7264 21.7502
-70.906 21.018
-71.6289 21.1698
-71.7583 21.8481
-71.8272 22.3628
-71.6985 22.6584
-70.8833 20.2404
-70.186 19.3031
-69.323 18.4524
-68.9539 19.1009
-68.6402 20.0909
-68.0952 18.6693
-67.7792 18.0451
-68.8922 20.4126
-69.5217 20.1747
-68.8404 20.7663
-69.328 21.1389
-69.2411 21.9614
-69.6652 22.4021
-69.2409 22.0399
-69.478 22.2984
-70.536 18.5425
-71.0915 18.7451
-70.5142 17.5272
-69.8933 17.0458
-70.0081 16.4653
-70.1108 15.8469
-69.709 15.483
-69.5413 15.0244
-69.277 14.2482
-69.9691 13.9603
-69.5519 13.1191
-69.9469 13.269
-69.964 10.5791
-70.0928 11.2321
-70.4096 11.7861
-69.6958 9.89278
-70.1585 9.47937
-70.9621 9.25203
-71.6047 9.06989
-71.003 12.2692
-70.9316 12.8525
-71.1303 13.6241
-71.2988 14.3702
-71.5151 15.163
-72.2273 15.1231
-71.7042 15.7579
-71.7877 16.1897
-67.9513 11.3967
-66.986 12.7387
-67.5215 9.33167
-68.0472 8.62848
-67.6899 11.3233
-68.0857 12.582
-67.6698 10.1868
-68.1511 9.90746
-67.1511 13.8057
-66.4679 13.2209
-67.5047 14.4758
-67.5942 15.1249
-67.5491 15.7932
-67.9121 16.3499
-67.8511 16.8586
-68.0156 17.3802
-66.9045 8.62542
-67.2361 7.77692
-67.6194 7.14096
-67.754 6.67467
-66.346 9.30963
-65.9552 8.99943
-65.7601 8.21851
-65.4666 9.04254
-68.6126 6.33119
-69.4287 6.86382
-68.7124 5.45083
-68.6404 4.7642
-69.8238 7.17231
-70.1244 7.36203
-70.8987 6.41996
-70.6601 6.00368
-69.1893 4.10775
-69.9693 4.24693
-69.6374 3.16756
-69.7619 2.68007
-68.5 3.59813
-68.6505 2.91364
-68.0527 2.12393
-67.6638 2.85894
-67.8996 1.22718
-67.3503 0.970711
-66.7681 0.58791
-66.6568 -0.0836029
-66.1698 -0.474726
-65.2178 -0.62062
-65.8972 -1.40708
-67.3346 -1.15019
-65.4149 -1.97423
-64.6608 -1.38308
-65.1281 -2.98529
-64.6981 -3.70645
-65.7145 -3.38023
-65.9336 -3.97635
-65.7195 -4.41789
-66.1727 -5.01205
-66.9916 -5.24578
-66.9056 -4.70851
-66.6987 -4.11633
-66.9933 -4.00086
-67.5041 -5.84089
-68.173 -6.20097
-68.4985 -5.84037
-68.3956 -5.32605
-75.2256 55.3848
-74.913 54.8349
-74.0524 54.6982
-73.8673 54.1914
-75.0358 54.441
-74.9301 53.7539
-75.221 53.0792
-75.7695 52.8062
-74.5682 53.5325
-74.1759 53.61
-73.637 53.7167
-73.2915 53.83
-76.2829 52.6829
-76.8915 52.5039
-77.4712 52.4165
-77.8091 52.6864
-78.3335 52.5311
-79.0494 52.38
-79.6522 52.3597
-79.3654 52.8446
-80.2734 52.3728
-80.4184 52.9871
-80.443 51.7864
-81.027 51.4855
-81.48 51.2839
-82.2497 51.1127
-80.7567 51.3326
-80.7266 50.8656
-80.5718 50.4559
-80.3941 49.8764
-80.259 49.2836
-80.0978 48.9111
-80.037 48.5181
-79.8531 47.9596
-79.7233 47.3932
-79.5445 46.9166
-79.4202 46.3278
-79.2025 45.8175
-78.6824 45.5014
-78.4711 45.8864
-78.5654 44.8737
-78.43 44.322
-78.2815 43.7083
-78.5847 43.1197
-79.1857 42.9411
-78.4965 42.4681
-79.9595 42.7816
-80.4455 42.5351
-78.2697 41.8371
-78.1255 41.2859
-77.963 40.4132
-77.8213 39.9985
-77.7008 39.4551
-77.5322 38.9841
-77.3984 38.4277
-77.2564 37.9961
-77.1432 37.519
-76.6817 37.3597
-76.4967 36.923
-76.356 36.3508
-68.5138 18.9852
-68.167 19.8433
-68.8574 12.9834
-69.3292 11.9476
-68.6482 11.8901
-68.5847 10.8238
-69.4074 10.6445
-69.7645 10.2279
-73.6874 54.8932
-73.2243 54.7712
-72.8416 54.7956
-72.5911 54.6848
-76.2237 35.8031
-76.1082 35.3452
-76.2059 34.9265
-76.6704 34.6899
-77.0631 34.5508
-76.4167 34.485
-76.2796 34.0461
-76.2382 33.7018
-76.1402 33.4367
-76.1194 33.0692
-76.0159 32.7693
-75.9023 32.4156
-75.8057 32.0251
-75.7047 31.7251
-75.5189 31.4806
-75.4268 31.0899
-75.3196 30.6692
-75.155 30.4361
-75.056 30.0808
-75.1161 29.7378
-74.9431 29.2821
-74.6283 28.8174
-74.3757 28.3693
-74.2581 27.8619
-74.1182 27.0089
-74.2689 26.3847
-74.5268 26.1873
-74.3344 25.652
-74.9664 26.1623
-75.3586 26.0292
-75.8591 25.902
-76.1517 25.8388
-74.0202 27.0997
-73.7406 27.0881
-73.607 27.7237
-72.843 27.9715
-72.8664 27.2963
-72.6837 27.0358
-72.1724 27.8039
-71.9279 27.4268
-72.6927 26.6332
-72.8867 26.3428
-72.8144 25.986
-72.5417 25.623
-72.7933 28.7329
-71.8491 28.988
-73.0218 29.5966
-72.6612 30.0328
-71.4419 29.9062
-71.5555 30.2567
-71.5071 30.6456
-71.8162 30.7229
-71.3097 29.256
-71.1091 29.0095
-70.8858 28.6281
-70.7086 29.2259
-70.5163 28.6238
-70.1687 28.4186
-70.3995 28.2177
-70.5496 27.9816
-48.8206 55.7795
-48.9185 55.5222
-54.8001 55.7568
18.0805 55.8295
-53.9839 56.0288
-67.2852 56.1079
-67.7509 55.991
29.4152 56.2129
-48.4923 56.1101
-57.1842 56.5895
-70.1275 56.069
-69.8913 55.4486
-69.8915 54.9205
-69.4458 54.7212
-70.4462 54.1726
-71.3569 53.9648
-72.1314 53.8754
-72.6915 53.9359
29.9892 56.6372
32.6486 56.6204
32.7995 56.2734
32.801 55.904
32.7394 55.6492
-41.5874 56.7117
-74.1309 56.7767
-74.8326 56.608
3.23978 56.8374
2.62791 56.8367
3.66255 56.5285
3.86472 55.9263
2.16172 56.6194
1.97673 56.3269
1.88068 55.7879
2.18106 55.0563
74.0662 56.9926
33.368 57.0545
-47.2332 56.942
-47.58 56.7123
-47.867 56.3719
-48.1359 55.8445
5.64538 56.7256
6.02358 56.2473
5.07432 56.5332
5.05296 55.9716
-41.6987 57.1045
46.988 57.297
34.0282 57.0748
34.4019 56.9522
33.9258 56.8648
33.9421 56.6705
-74.6408 57.5573
-75.2528 57.451
-75.7337 57.2667
-76.2831 57.2243
35.6301 57.6254
35.8595 57.4947
-49.4886 57.5567
-50.0687 56.765
-50.8029 56.6586
-51.0555 57.2106
-50.6966 55.9482
-51.235 55.5995
-51.6406 55.9245
-51.9198 56.3951
-50.0705 57.622
-50.1447 57.3083
72.0638 57.6266
71.9144 57.4783
33.3149 57.7784
17.5573 57.7117
-64.8078 57.56
-64.6106 56.9459
-64.351 56.4213
-63.2425 56.4309
-64.6516 55.9845
-65.1173 55.5358
-65.9124 55.3187
-66.6746 55.2244
-50.0445 58.1295
73.5577 58.0101
8.09956 58.1723
8.58078 58.094
8.93825 57.795
9.11228 57.3242
7.51144 57.9297
7.20019 57.5484
7.12745 56.9942
7.25825 56.5656
-48.3205 58.013
-68.2819 58.259
-68.8686 58.13
-69.4397 57.9949
-69.8858 57.861
32.1248 58.1287
32.2747 57.7941
32.2655 57.4435
32.5573 57.2376
31.8784 57.2594
31.5599 57.0853
30.9829 56.9797
30.8403 56.7458
10.6105 58.2165
11.2302 58.1191
10.4227 57.6432
10.2298 57.1993
36.7902 58.5364
74.7805 58.7545
35.0602 58.7093
35.214 58.4169
35.5444 58.0895
35.2014 57.799
36.0014 58.3126
35.8705 58.761
36.353 58.0068
36.6066 57.6339
34.8405 58.1054
-76.8294 58.8847
-77.1061 58.6499
-68.4816 59.0129
-68.9561 58.9543
-69.3656 58.8447
-69.9055 58.7381
-70.282 58.592
-70.6932 58.4924
-71.2898 58.5042
-71.5368 58.2536
35.0676 59.3212
34.0743 59.1256
34.0748 58.5195
33.9424 58.1872
34.0827 57.7221
37.1096 59.4344
74.6155 59.4445
37.8499 59.7068
37.5673 59.525
70.9055 59.7545
-58.4189 59.7533
-49.0445 59.992
-49.2575 60.1453
49.7055 60.3045
73.7462 60.3675
17.1836 60.2346
17.3403 59.6394
17.4736 59.0777
17.6497 58.5797
16.7279 60.3552
16.0746 60.1898
15.542 60.0522
14.9788 59.9159
14.4532 59.7692
13.8849 59.6288
13.2471 59.4807
12.6762 59.3356
12.2362 59.1201
12.288 58.5606
12.4239 57.9966
12.5629 57.3078
12.9302 56.7055
36.4381 60.6132
-47.7068 60.558
-47.4854 60.5145
-63.6771 60.3703
-64.0858 60.1263
-63.201 60.3702
-62.6758 60.5557
-64.6583 60.0574
-65.3714 59.8268
-65.9076 59.7565
-66.424 59.5437
75.619 60.7352
75.233 60.5052
75.0795 60.096
75.194 59.5184
75.2664 59.0669
75.448 58.6336
75.5819 58.0998
75.7672 57.5906
76.5839 57.7642
76.9652 57.8892
77.3713 57.9998
75.468 56.2972
75.563 55.7335
75.7089 55.0513
75.8979 54.6208
76.067 57.511
75.4611 56.8169
76.5999 60.9568
-47.6073 61.0947
27.0117 61.1045
20.3196 61.2272
20.9216 61.0578
21.2256 60.6905
21.304 60.0775
19.7063 60.9773
19.3716 60.5612
19.3144 60.0092
19.479 59.5678
34.1765 61.326
34.3372 61.0907
34.5631 60.8559
34.7573 60.4317
34.8194 59.9362
34.5953 59.5527
34.07 59.8438
33.6968 59.8852
35.6013 60.0101
35.9969 59.8745
35.6515 60.4461
35.6575 60.7998
35.57 59.4368
35.5348 59.1559
36.0686 59.3416
36.3427 59.4237
76.0823 61.3151
76.2643 61.3617
72.8926 61.4858
66.8055 61.6795
26.893 61.5545
52.8055 61.7045
76.9805 61.6783
35.4696 61.7104
35.6623 61.6656
-50.1045 61.7925
66.5346 62.1295
24.0333 62.0987
24.5845 61.78
24.8503 61.1688
24.7853 60.7221
23.2908 61.9248
22.8866 61.3979
22.8248 60.9182
23.0077 60.4623
-49.2121 62.0302
-49.1538 61.68
-50.0945 62.3224
33.5305 62.3667
70.8856 62.4218
72.7662 62.5069
-17.7715 62.3263
-49.9945 62.6545
74.019 62.7108
-48.9695 62.8045
-65.6823 62.4127
-65.8071 61.8996
-66.2876 61.5279
-66.9839 61.2532
-16.8452 62.5973
-16.9308 62.1349
-17.2358 61.6991
-17.6337 61.5164
36.0003 62.9404
27.7636 63.186
27.1623 63.0114
26.6736 62.8323
26.7516 62.1295
-20.9736 63.1654
-20.4816 63.2326
34.7956 63.4858
-13.5217 63.5977
-19.4041 63.5209
70.2524 63.6742
74.9042 63.768
33.1709 63.7675
78.0692 63.5301
78.2829 62.6029
78.3886 62.0343
78.4874 61.4096
78.7449 60.7525
78.8844 59.8069
79.062 58.7909
79.1496 57.961
75.9777 63.889
70.8124 63.6387
70.9099 63.0512
33.8211 63.8429
-17.7699 63.9347
35.0155 64.1145
29.0676 63.604
33.5799 63.2129
31.0925 64.0215
30.6024 63.9452
31.2969 63.8271
31.4506 63.4773
30.1111 63.8246
29.5821 63.7112
31.65 63.1178
32.1562 63.0124
32.6211 62.3647
32.6023 62.1561
32.5487 63.3683
32.9498 63.1668
-12.6191 63.9497
-12.3801 63.4062
-12.5453 62.94
-12.7811 62.662
54.2469 64.3601
54.5308 63.8689
54.7173 63.3959
54.9457 62.242
54.8572 61.1631
54.6151 60.381
54.3696 59.8963
54.105 59.4363
53.7512 59.0175
53.425 58.5916
52.678 58.3602
51.8694 58.1976
51.6228 58.4546
51.7374 59.5858
52.2636 60.7037
52.6165 59.924
50.5318 59.0955
50.2289 57.7721
49.561 57.6018
51.1059 61.233
51.7876 62.0893
50.2287 60.8979
50.029 60.3547
48.971 57.4531
48.2641 57.262
47.7488 57.2221
46.9792 56.9374
46.1235 56.7275
45.2248 56.6717
44.7814 56.48
44.0585 56.34
43.5566 56.262
42.711 56.0316
42.1754 55.7811
41.4766 55.5901
40.5675 55.3945
39.7451 55.1917
38.9223 55.0071
38.1502 54.7973
37.3283 54.6172
36.5114 54.5978
35.8347 54.5769
35.8711 55.3937
35.361 55.3906
34.6614 55.2848
34.0854 55.1148
33.6365 54.8298
35.1273 54.4273
34.5464 54.1531
34.0075 54.0157
33.5055 53.7866
33.138 54.3946
31.6138 54.0604
31.6862 54.5931
32.2029 53.3375
31.3135 53.3158
30.8394 54.1413
30.9119 54.6171
30.8276 52.9333
30.1459 52.807
29.7748 52.7464
29.4009 52.5606
50.6944 58.7837
32.8513 53.7147
32.7682 54.0026
51.1573 59.5618
51.0626 60.3813
53.0197 60.6305
36.8916 64.6397
-14.4562 64.7866
53.7805 64.9295
-16.0291 65.0228
-15.8324 64.9184
-16.0183 64.3748
-16.2849 64.3485
53.261 65.3795
-32.6733 65.4939
-11.2383 65.5763
52.6147 65.7916
-12.5384 65.609
-12.8554 65.2145
52.0805 66.0295
51.5616 66.2765
-18.2442 66.2203
-17.8498 65.8471
-18.1444 65.3078
-18.8973 65.407
-19.2432 64.8655
-19.6362 64.7072
-20.0917 64.7519
-20.2452 65.1596
-27.7604 66.4585
-25.9306 66.4397
-32.9273 66.3545
-27.2258 66.6108
47.5196 66.685
-6.78107 66.828
-7.38969 66.684
-7.94292 66.5357
-8.27972 66.403
-8.78173 66.4568
-9.14964 66.0599
-9.54446 65.9221
-9.71924 66.2192
-32.7269 67.0769
69.3337 67.1879
-1.79769 66.9575
-2.15613 66.745
-33.4553 67.0917
-33.7059 66.7686
-34.1695 67.012
-23.9006 67.5106
2.61732 67.4829
2.46966 67.0031
2.0163 66.6682
1.71186 67.1215
-13.6702 67.7469
-13.9544 67.5882
-13.9851 66.9998
-14.4227 66.741
-13.4625 66.6573
-13.1289 67.1594
-13.3456 66.1349
-13.0739 66.2565
-31.9412 67.7379
-28.4428 68.0222
-27.6879 67.8992
6.12953 68.2422
5.9666 67.6168
5.42714 67.2148
5.20181 67.8541
0.68835 68.5369
-0.0425541 68.3895
-0.822045 68.2261
-1.54098 67.9072
-1.90947 68.1544
-2.85484 67.803
-3.68141 67.601
-4.53631 67.3887
71.4848 68.5054
-2.01835 68.6766
-23.6725 68.6266
72.152 68.5549
71.7792 67.739
71.9633 67.3085
72.2734 67.5666
-25.8247 68.8376
-26.7292 68.6032
-21.1195 69.3295
-20.5088 69.4688
71.0166 69.4149
70.7332 69.2704
-25.9383 69.4545
-20.0258 69.5608
71.9115 69.6106
4.89759 69.6063
-18.3695 69.8795
-26.1605 69.8123
-26.7214 69.5379
-21.887 67.8298
-26.0951 66.0353
-21.6362 65.9263
-21.3286 64.5215
-59.4009 54.9611
-58.7038 53.9208
-16.4597 68.4197
-22.9073 66.8471
-23.7196 66.6802
-24.1568 66.5775
-24.5663 66.5076
-24.999 66.3724
-25.3461 66.145
-21.8593 66.7849
-21.7282 66.4456
-21.5045 65.4753
-21.3293 65.1617
-29.3977 65.1327
-32.3123 64.8587
-33.9772 63.0212
-34.8971 59.4808
-32.2853 60.4091
-38.6905 58.7935
-40.9772 63.3911
-42.5515 61.4117
-43.2503 60.4099
-42.7985 58.9407
-43.1753 57.5845
-41.6098 54.9888
-40.6406 52.2337
-40.94 54.0642
-41.3804 55.835
-45.223 57.4928
-45.8217 59.7041
-49.2262 59.3475
-51.2659 58.8818
-52.7066 58.4128
-55.6539 57.4615
-59.1542 57.8628
-61.5741 56.6509
-62.0882 58.2442
-63.3686 57.3047
-57.9032 54.7959
-58.5444 54.8187
-58.5149 54.462
-58.9074 54.3704
-17.7595 69.9187
-17.709 69.4759
-17.1554 69.5754
-16.5553 69.6977
-15.355 69.1383
-14.3002 69.009
-14.9476 69.2533
-15.6659 69.0916
-14.6223 68.7277
-17.0038 68.3048
-17.5255 68.0887
-18.2101 67.9043
-18.7118 67.7422
-19.0204 68.0356
-18.7498 68.7104
-19.266 68.3483
-19.6902 68.6009
-20.1414 68.9543
-20.9016 68.8372
-21.4469 68.7138
-21.9086 68.5804
-26.6077 65.9795
-26.9885 65.8659
-27.482 65.7674
-27.964 65.6084
-28.4707 65.5475
-28.7795 65.277
-29.9286 64.9579
-30.2492 65.0739
-30.6764 64.932
-31.0191 64.7979
-31.4739 64.7613
-32.0051 64.6534
-32.4795 64.3295
-32.7672 64.1359
-33.3216 63.8457
-33.9022 64.0915
-33.3988 63.2792
-34.4368 63.8981
-34.8442 61.4591
-36.0926 63.4167
-32.9139 60.8794
-32.6384 60.6937
-37.4214 60.7661
-36.5337 59.0654
-38.5331 61.9648
-38.0574 62.997
-38.394 59.2797
-39.2915 59.7892
-39.1552 61.9229
-39.3841 62.2137
-39.7126 62.0379
-39.909 62.3837
-40.4535 62.4754
-40.7024 62.9563
-41.4898 63.3215
-41.9483 63.2091
-42.4041 63.0906
-42.7657 62.9209
-42.7147 62.5075
-42.7235 62.1692
-42.5474 60.8658
-42.9814 60.7349
-43.1053 59.9732
-42.9107 59.5914
-42.6203 58.4542
-42.3166 58.3293
-42.1067 58.8622
-42.2207 59.3865
-42.1725 58.2313
-42.546 57.7801
-42.2758 57.5564
-42.152 57.1376
-42.1777 56.7564
-42.0368 56.3035
-41.9115 55.8503
-41.7574 55.53
-41.4801 54.5573
-41.3245 54.1086
-41.1989 53.5565
-41.0676 53.0248
-40.9422 52.5265
-40.9086 51.9505
-40.6672 52.9277
-40.7705 53.3879
-41.1001 54.7323
-41.2163 55.1866
-43.5307 57.5056
-43.8036 57.2827
-44.083 57.1145
-44.3674 57.0957
-44.7118 56.8099
-45.2153 56.8242
-45.0372 58.018
-44.6335 58.214
-45.4315 58.408
-45.7684 58.2432
-45.4787 58.9164
-45.5347 59.2469
-46.511 59.7426
-46.988 59.7749
-47.4379 59.8272
-47.8283 59.7326
-48.2291 59.6136
-48.682 59.4396
-49.7506 59.0145
-50.6011 58.8983
-51.7932 58.5857
-52.2532 58.5763
-53.1877 58.1365
-53.5742 58.0238
-54.034 57.9072
-54.5035 57.7837
-54.8105 57.5826
-55.0441 57.4574
-56.5671 57.337
-57.7939 57.3815
-57.8964 57.7674
-58.0241 58.1622
-58.2027 58.3856
-58.541 58.2007
-59.3235 57.4352
-58.9766 57.3909
-59.5953 57.0333
-59.9714 56.9053
-60.4077 56.7701
-60.979 56.6355
-61.8319 57.2588
-61.9647 57.6665
-62.2779 57.4777
-62.7612 57.3617
-57.1797 57.1236
-57.9759 57.0448
-56.3314 57.0099
-55.6533 56.7679
-55.562 56.369
-54.9964 56.317
-56.1025 56.1272
-56.4609 55.9847
-56.8122 55.9355
-57.2601 55.7251
-57.5051 55.2551
-57.8656 55.2063
-56.9747 55.2524
-56.4834 55.0697
-55.915 55.2407
-55.4952 55.3186
-14.9714 68.7678
-13.5847 68.9983
-19.8325 67.5751
-20.2861 67.523
-20.8142 67.3584
-21.3739 67.1977
-22.9283 67.2523
-23.0159 67.6658
-21.8399 67.2834
-23.0406 67.0151
-17.2417 70.1397
6.47322 70.0327
6.80765 70.1037
-16.82 70.1937
7.57109 70.2972
5.59276 70.1643
5.82503 70.14
-13.054 70.4552
-13.4525 70.3042
-12.5711 70.3523
-12.4148 69.9263
-13.9081 70.1866
-14.5065 70.0415
-15.0375 70.0206
-15.0687 69.7465
-12.2632 69.5992
-12.555 69.43
-11.7337 69.6811
-11.368 69.7869
-11.1411 69.5794
-10.8684 69.8204
-10.4805 69.9301
-10.1669 70.0422
-7.51389 70.5809
-14.5539 70.6889
75.4299 70.7568
34.4578 70.7386
34.1144 70.5894
33.5065 70.4682
32.9006 70.3351
-13.6655 70.8868
73.5055 70.917
-6.41017 70.9658
-6.9648 70.8437
-12.989 71.0514
-36.7445 70.9795
67.9008 71.0612
-37.2395 71.0445
71.6055 71.0795
-17.9279 71.0295
-1.98454 71.1795
1.46116 71.0402
1.72221 70.5119
1.01805 70.2638
0.666429 70.7452
1.31075 69.5496
1.63715 68.898
2.33978 69.0079
3.25045 69.1873
37.4805 71.3445
-11.7195 71.3295
-5.11953 71.3122
-4.09454 71.5295
71.5042 71.5302
36.9529 71.3289
36.4423 71.2307
35.7764 71.0183
35.1375 70.8676
9.54757 71.4519
9.64143 71.0037
9.73201 70.7842
9.40396 70.7369
-3.51035 71.6453
-37.8587 71.4196
-37.898 71.0006
75.1061 71.4868
38.3036 71.5951
7.46957 71.6597
72.7305 71.7545
70.7367 71.7316
39.0499 71.8568
-2.6058 71.8966
-37.5445 72.0795
-15.707 72.0045
39.693 71.9666
40.1783 72.058
7.13046 72.0468
7.04102 71.6456
7.20963 71.4042
7.46278 71.0625
7.8894 71.0393
7.99179 71.3905
8.20664 71.6873
8.01645 72.0067
8.1388 70.4364
-8.29856 71.8124
-7.55076 72.0319
-9.44076 72.1743
-9.95844 71.5852
-9.5197 71.5574
-8.89753 71.7355
-10.4351 71.3844
-10.6863 71.0958
-11.309 70.8497
-11.6368 70.5766
73.4667 72.2419
41.0403 72.3078
4.54405 71.596
4.20858 71.8487
5.05104 71.2686
5.34093 71.8033
77.0113 67.0642
75.849 72.401
75.8153 72.0926
76.0582 71.7226
76.156 71.2227
76.242 70.8368
76.3129 70.4497
76.3939 70.1545
76.406 69.6905
76.6643 69.345
76.4983 68.9699
76.7191 68.6867
76.893 68.3383
76.8625 67.9395
76.9585 67.6295
5.05939 72.5408
0.789633 72.7895
-30.8183 72.9283
-31.2603 72.611
68.2327 73.2513
68.4471 72.9495
-4.26015 73.4452
48.9094 73.5325
50.0285 73.4927
48.0108 73.4509
47.0182 73.3863
50.746 73.4119
51.189 73.385
51.6603 73.3192
52.2653 73.3066
45.9233 73.2438
45.1177 73.1477
44.5298 73.003
44.2775 73.0577
43.7439 72.8377
43.1906 72.7114
42.637 72.5794
42.2504 72.4609
52.762 73.2481
53.2221 73.129
53.7686 73.0574
54.2048 72.9464
54.5896 72.9432
54.9613 72.7992
55.4546 72.6753
55.9139 72.559
56.2302 72.4361
56.6609 72.2944
56.9856 72.1061
57.2736 71.9781
57.6054 71.8818
57.9457 71.714
58.1954 71.4235
58.5474 71.2641
58.8825 71.0248
59.2051 70.7527
59.5368 70.4914
59.8745 70.3646
60.0481 70.0571
60.3123 69.9656
60.4625 69.7635
60.7919 69.4572
61.2153 68.9693
61.6083 68.5139
61.8915 68.1052
62.2374 67.8379
62.5342 67.2944
62.7859 66.9886
63.0009 66.722
63.1622 66.4003
63.3572 66.0329
63.6058 65.6533
63.8672 65.3134
64.0036 64.9797
64.1941 64.6326
64.4276 64.2619
64.5712 63.9565
64.7443 63.6769
64.9372 63.3385
65.1949 62.9104
65.3511 62.606
65.5555 62.3418
65.7208 62.0481
65.9872 61.8109
65.9226 61.5733
66.0839 61.2805
-22.4695 73.5795
-22.6853 73.4416
-3.60454 73.607
-16.1695 73.6045
68.0305 73.7795
38.5385 73.5691
38.5603 73.3484
39.0954 73.2191
39.3453 73.0814
-0.948135 73.916
-0.86057 73.6828
-0.709848 73.468
-1.15708 73.2219
-1.13162 72.6872
-1.09834 72.3717
-1.58021 72.2814
-1.92955 72.3276
-2.08665 72.9689
-2.4397 73.1799
-2.95127 73.2731
-3.43348 73.079
-3.92924 73.0623
-4.29778 72.8144
-4.62472 72.8907
-5.08491 72.868
-16.2251 74.0684
21.5055 74.3295
6.48047 74.7295
-17.7695 74.6184
4.69163 75.0088
8.5388 75.1858
67.6182 75.3408
28.47 75.6336
21.8132 75.5167
21.7015 75.1173
70.4355 75.7645
70.5255 75.3945
29.7599 75.9579
-21.662 76.0799
-22.0839 75.8685
-22.7113 75.6918
-23.3879 75.4038
2.85547 76.3045
55.7671 76.3329
-18.3898 76.1744
-18.6806 75.9302
-18.9904 75.7204
-19.3477 75.4553
7.22213 76.4754
0.829826 76.5597
-17.8195 76.6295
55.2647 76.8175
-16.6174 76.7879
-16.757 76.4806
12.517 77.0393
12.5055 76.5607
72.9298 77.1827
72.3287 77.148
21.8253 77.1418
22.1032 76.7679
22.15 76.2956
22.311 75.9754
15.5805 77.4045
22.3305 77.4295
20.5055 77.6045
20.9263 77.7337
17.6721 77.7512
12.23 77.6142
59.6243 77.8664
14.0814 78.0433
14.3436 77.9675
18.8063 78.3344
11.9535 78.3299
11.9709 78.0755
-13.013 77.9167
-13.18 77.3724
-13.619 77.1454
-14.2433 77.0154
-14.826 77.3841
12.5357 78.4642
14.0869 78.686
14.3712 78.5536
17.2176 78.7605
0.155467 78.7295
58.6655 78.9295
33.3755 79.017
15.4118 78.5704
15.9842 78.3377
16.1696 78.1016
15.7797 78.9576
15.6505 78.5272
58.4076 79.1441
55.7252 79.0089
11.953 78.9845
9.19475 79.176
16.6701 79.2752
35.5429 79.2283
60.2453 79.2297
60.0573 78.7054
59.9442 78.2944
60.4242 77.7955
60.9129 77.6213
60.952 77.1239
60.4197 76.8678
60.2848 76.6505
55.4499 77.4189
57.4189 79.3946
57.8295 79.4503
56.4598 79.228
56.6926 79.3897
56.5705 78.9314
57.3403 78.7521
58.1818 78.453
58.2623 78.2085
57.1022 78.3263
56.4786 78.0512
57.582 77.8951
57.3245 77.447
55.9108 77.9975
55.6493 77.6499
55.7653 78.3302
55.5299 78.3739
56.195 79.8483
56.9944 79.9561
36.0724 79.5843
36.3351 79.1882
36.4626 78.688
36.5265 78.3374
35.8975 78.4043
35.755 78.7237
35.6982 78.0779
36.1046 77.8901
35.0073 77.2727
35.2075 76.9387
34.182 77.3628
34.0388 76.9304
33.8375 78.1623
34.3588 78.5815
33.6582 78.7416
33.1355 78.5839
36.0055 77.5045
16.009 79.9063
16.2949 79.6098
59.5151 80.0084
55.6367 79.8469
66.5285 80.1554
66.4247 79.8639
42.0492 80.3045
17.2166 80.4004
17.0317 79.9765
11.2941 80.3039
43.1661 80.5803
-2.56808 80.436
-2.81015 80.0513
-3.13491 79.8669
-3.50038 79.7125
-3.92728 79.8507
-4.1962 80.0083
-4.42256 80.2727
-4.55026 80.5066
64.4665 80.5689
39.6086 80.6326
18.9181 80.5064
19.063 80.1232
19.0812 79.7156
19.2528 79.42
2.93047 80.7545
43.968 80.9545
41.5796 80.7237
40.9498 80.4512
40.3515 80.1728
40.23 79.5443
39.4873 79.3878
38.9792 80.1368
39.6043 78.5953
38.9009 79.0168
35.2662 80.6386
35.7598 80.6169
34.7468 80.3447
34.3463 80.0466
33.6576 79.8935
34.038 79.5352
32.8398 79.7286
32.1205 79.5789
31.4084 79.4128
30.5889 79.0953
30.7952 77.8358
30.9049 78.0806
31.1624 75.8414
32.0013 73.1729
31.6533 74.8741
31.8211 74.4012
30.9606 75.8361
31.1676 75.1067
31.0705 75.1645
31.6469 73.2781
32.2934 71.3004
31.8971 72.2512
29.6277 79.172
29.4499 79.7549
29.3002 80.3041
29.093 80.7911
28.6399 80.8734
27.8368 80.5836
27.6144 80.2234
27.1916 80.1222
27.1609 79.4587
26.5196 78.9701
25.904 78.9508
25.1544 78.7613
26.6278 78.4246
26.7927 77.6851
27.0332 77.0399
27.0013 76.4984
24.4696 78.6197
23.8555 78.4385
23.4327 78.101
23.193 77.6545
23.2575 78.2599
22.5332 78.1231
21.914 78.1452
21.568 77.9232
27.18 76.008
27.4463 75.5085
27.1867 75.1307
26.5487 75.0455
26.0252 74.819
25.4741 74.7268
24.838 74.5293
24.2168 74.5074
23.8449 74.3318
23.2162 74.2236
22.6383 74.0555
21.9275 73.7953
21.204 73.6276
20.7078 73.7011
20.6478 74.3419
20.5003 74.8776
20.3284 75.5775
20.1328 76.2305
19.8888 76.8913
20.1062 77.4618
19.4835 77.3147
18.8465 77.4633
18.3892 77.2751
17.7258 77.0594
17.0526 76.9639
16.6106 76.7215
16.018 76.51
15.3644 76.4401
15.1113 76.6098
14.5156 76.3074
13.7276 76.1213
13.0957 76.2958
13.1144 75.8199
12.4906 75.6537
11.7117 75.5533
11.1134 75.432
10.5205 75.3049
9.89462 75.1509
9.52233 75.1143
9.33529 75.7931
8.885 74.7054
8.18265 74.5667
8.80622 74.2563
9.0388 74.0433
9.01987 73.508
9.13688 73.0902
9.28736 72.4619
9.41102 72.0492
7.41241 74.5065
7.04468 74.3447
6.34174 74.0548
5.88457 73.9958
5.32868 73.8672
5.7651 74.5192
5.52213 74.6615
5.43689 75.3801
5.79394 75.498
6.17487 75.7023
6.56182 75.9422
6.93067 75.9397
7.38832 76.0219
7.91478 76.2556
8.60043 76.5375
8.86334 76.7006
4.63202 73.6582
3.46563 73.9419
2.91045 74.4831
2.75713 74.6454
3.84127 74.076
3.32001 73.6509
3.1894 74.3246
2.78535 73.9725
2.50537 73.3182
1.86226 73.1474
1.44402 73.2784
1.27986 73.8939
0.830548 73.9381
-0.0266537 73.75
0.429891 74.1602
0.718688 74.477
30.6492 76.8351
30.8902 75.8712
31.544 73.4977
31.7537 72.7546
16.1221 81.2186
16.3963 80.9474
16.3105 80.7755
16.3529 80.4743
53.7011 81.3335
10.9477 81.2568
63.7115 81.4485
45.0955 81.4795
44.4382 81.4718
2.64762 81.4952
2.49317 81.2732
2.00006 81.0216
1.34762 80.975
1.01671 81.2047
0.749185 81.4299
0.425976 81.427
0.103764 81.1831
-0.292983 80.9404
-0.770003 81.0375
-1.18449 80.9778
-1.34051 81.3212
-0.317012 80.4674
-0.199374 79.968
-0.0802127 79.6087
0.072129 79.2395
19.3377 81.929
38.8578 82.065
38.4512 81.9427
50.0263 82.2337
4.93047 82.3545
4.12408 82.3572
3.72321 82.1631
4.53705 82.1583
4.65784 81.8879
47.8281 82.6545
34.4846 82.59
53.9444 82.5014
53.57 81.9906
54.2538 82.8917
54.3514 82.7272
54.2628 82.1307
54.1084 81.9402
10.588 83.19
11.0572 83.2421
10.0992 83.0237
9.70077 82.9169
9.23999 82.8436
9.26661 82.4505
8.59701 82.6741
8.17372 82.5049
7.72505 82.395
7.30429 82.3302
6.86516 82.1828
6.57791 82.0566
6.28028 82.2882
6.05848 82.6221
5.97468 82.8883
5.734 83.0081
39.1805 83.3145
34.26 83.1969
53.6567 83.4994
53.7515 83.1805
69.8537 79.5853
70.12 78.4179
72.1222 62.7041
72.0052 62.0412
72.2353 61.6325
72.1976 61.2504
72.1984 61.0037
72.4406 60.7088
72.4268 60.422
72.4737 59.9321
72.872 59.9617
71.6164 60.2683
71.1922 60.3852
71.1766 60.8562
70.9724 61.2254
71.0644 61.5696
71.1555 62.0318
72.618 59.6045
71.6764 59.5345
73.7164 59.4736
73.6338 59.7844
71.4762 59.1777
71.649 58.7487
71.8152 58.2651
72.112 58.4004
72.773 59.3617
72.1791 59.1689
72.7949 58.9591
72.8864 58.5474
72.7729 58.1169
73.0755 58.0097
73.0503 57.5677
72.6944 57.5135
68.7396 83.3208
69.051 82.7492
69.1791 82.0378
69.3038 81.3528
70.8345 77.5774
70.9556 76.8044
71.1386 76.2192
71.3228 75.464
71.4283 74.7039
71.2634 73.6771
70.9886 74.0391
70.6921 74.5114
71.4116 72.928
71.6323 72.4867
71.8217 71.9387
72.2771 71.5574
72.6841 70.9407
72.8547 70.2712
72.7213 69.9397
72.9267 69.2433
73.4218 68.6872
73.2644 68.2675
73.1208 67.6317
73.2289 66.8736
73.4303 66.0728
73.4381 65.5117
73.4506 65.0026
72.8659 65.0941
73.6255 64.4273
73.3924 63.9626
73.7338 63.6616
74.0271 63.432
74.366 62.9318
74.5726 62.1305
74.9333 62.5602
75.224 63.0209
74.8607 61.6606
74.9141 61.1901
75.3893 61.7753
75.6049 61.3051
72.5388 65.2556
72.2547 65.6764
71.9778 64.1875
72.0575 63.3003
71.6074 64.5917
70.9544 65.2351
70.3554 64.59
69.9964 64.6373
70.5078 65.8974
70.7484 66.6381
69.5967 66.5434
70.9811 67.4502
71.0384 67.9269
70.7402 68.242
70.5179 68.6484
73.2352 56.9659
72.8397 56.4004
72.2864 56.7504
71.994 56.9441
73.0659 55.8144
74.0406 56.1265
73.2472 55.2065
74.0607 55.5129
73.6524 54.2568
74.6383 54.3404
72.0336 54.731
71.7001 54.8855
74.9487 54.2415
74.9704 54.2501
75.3217 53.6693
75.3462 53.3396
73.4673 53.3518
73.8582 52.5494
74.0699 52.0567
74.9718 52.0915
72.6613 53.3383
72.3263 53.4618
72.0049 53.249
71.7924 52.9975
73.752 51.4161
74.1602 50.4965
73.1662 49.7721
72.688 49.777
74.8993 51.2023
75.1198 51.0995
75.5611 50.7064
75.4362 50.5414
74.3415 49.5692
74.671 49.2137
74.6742 48.7925
75.1371 48.4712
76.2471 48.5188
76.3312 48.9606
76.6192 48.9313
74.9801 48.0623
74.7496 47.1923
75.0237 46.3009
75.6926 46.5783
73.7168 46.8619
73.4674 46.5902
73.1242 46.8462
72.8718 46.9876
76.1936 46.0708
76.9502 45.5424
76.7728 46.5441
76.6476 47.0702
75.8187 45.4332
75.6199 44.8867
75.0464 44.7693
74.8969 45.2193
75.9678 44.2474
75.3571 43.858
76.1741 43.6735
76.482 43.398
76.8978 43.543
77.0392 43.1636
77.414 43.1059
77.616 43.8773
78.3025 43.0044
78.0787 42.3828
78.2305 43.801
78.4681 43.9338
79.6168 42.6967
80.4454 43.2063
80.5958 42.8897
80.9969 42.7282
79.6853 43.8209
79.3988 44.0199
80.0963 44.3796
79.6787 44.7171
80.2946 44.7158
80.6526 44.9329
80.8076 45.1689
81.0123 45.34
80.0699 41.8961
79.6065 41.508
80.0894 41.3975
80.0078 40.9395
80.4466 40.7118
81.0125 40.8692
80.4613 40.1094
80.3811 39.4707
81.008 40.0705
81.1439 39.7065
81.1858 39.292
81.2737 39.0131
81.5446 38.6904
81.2892 38.158
82.0719 38.8397
82.3379 39.2286
81.1262 37.9304
80.9977 37.4608
80.6456 38.4399
80.4334 38.696
80.5512 37.0281
80.4437 37.7974
80.6067 36.1448
81.1821 36.2645
80.3733 35.5697
80.9502 35.5322
79.9373 35.1599
79.915 34.7882
79.8704 34.3574
79.4763 34.2827
79.0376 34.0231
78.8298 33.5942
78.9055 33.4241
79.3468 33.2753
79.7939 33.2671
80.3611 33.7325
80.9526 34.4074
81.1106 34.7151
81.3012 34.952
81.5686 35.2974
80.3673 33.4793
80.7271 33.3763
80.5784 32.7956
81.1415 32.6781
81.2285 32.0852
80.7701 32.0375
81.6684 31.8531
81.9555 31.8299
69.5642 80.6367
69.219 80.7056
69.911 80.2635
70.1959 79.872
69.8629 79.2084
70.2066 78.9548
70.4391 78.6899
70.5916 78.2352
70.0453 66.6089
69.9511 66.9846
63.8888 83.6901
52.9962 83.7926
51.1402 82.5015
53.2078 81.5343
52.3083 83.5931
51.8739 83.4808
51.996 82.7082
51.6205 82.7138
52.3961 82.4338
52.2676 81.683
52.8365 83.1108
53.0145 82.8755
52.7387 82.0626
52.8614 81.7563
51.0624 84.0295
68.461 84.1568
12.6919 84.152
12.1166 83.9695
67.7073 84.3331
68.1955 84.5645
66.567 84.535
13.3402 84.3464
14.3933 84.1062
15.3738 85.1099
15.8018 84.9975
68.5106 85.2081
68.9136 84.7075
69.0115 84.2401
69.249 83.5877
68.7664 85.5281
16.5143 85.5779
16.8236 85.2922
17.215 84.9712
17.7266 84.8583
67.8655 85.7795
67.1312 86.0439
35.4241 85.9359
35.3377 85.549
20.5984 86.1538
20.9114 85.6637
68.2648 80.2849
67.6799 80.2613
68.4922 79.8806
68.819 79.7429
67.7747 79.6789
67.9223 79.2214
68.4939 78.7545
69.113 78.9171
64.2378 82.7555
64.112 83.0424
70.0932 77.3554
69.3653 77.3382
68.2588 78.1538
67.5935 78.4044
66.9802 78.4385
67.2477 77.3402
66.5173 78.1851
66.0373 78.3538
67.1992 76.8736
67.6452 76.5138
68.2834 76.3333
67.9559 75.7138
68.9713 76.2983
69.6427 76.51
68.9026 75.5399
69.151 75.0509
69.3235 74.7202
69.5963 74.4846
70.1147 74.1169
70.0448 73.4747
69.7664 72.6412
69.3314 72.863
69.1059 72.1363
68.1403 72.3086
69.3801 71.3955
69.8659 70.6755
68.5221 71.2325
68.4803 71.0356
70.4693 70.5792
70.2647 69.9121
70.9212 70.9484
71.0655 70.3198
64.7314 86.4328
64.4925 86.1323
64.9843 86.1195
65.1713 85.5754
64.9929 84.8005
65.8015 84.9661
64.2225 84.7501
64.0445 84.4548
64.9862 83.7663
65.2897 82.7402
64.6001 82.1855
64.7649 81.1374
65.7663 82.4764
66.1233 82.0939
65.6464 81.276
65.3809 80.9283
66.4583 82.3609
66.8942 82.9284
66.5491 81.3999
66.7138 81.5775
67.6323 82.0777
67.1033 81.9765
67.9598 82.7489
68.1425 83.0687
67.9461 81.2446
67.4434 81.1904
68.3981 80.966
68.2946 80.5334
63.8144 81.9065
63.43 81.7329
66.7609 86.4192
65.6156 87.571
65.7568 87.159
65.8412 86.6761
65.9878 86.0769
66.3591 86.4695
66.3368 85.8849
66.7241 87.0076
66.6546 87.352
69.2283 89.0975
51.0728 89.1601
50.5912 88.9478
50.0635 88.9653
49.6858 88.799
49.3856 88.6646
48.9826 88.6423
48.7202 88.4613
48.4729 88.2522
31.6508 89.3283
32.1028 89.561
67.2212 89.4423
67.2118 88.9426
66.2465 88.7459
65.7987 88.5158
68.0568 88.7535
67.9283 88.1358
68.1891 87.6119
68.2675 87.1973
65.2669 88.4403
64.633 87.9855
64.526 87.6972
63.759 87.7319
62.8741 87.5584
62.148 87.4885
61.6796 87.242
60.2985 87.3944
61.6397 86.7155
61.1477 86.4054
60.4022 86.2514
60.13 85.829
59.4462 86.6203
58.5882 86.4774
57.4526 86.0475
57.2191 85.3404
56.5027 85.6814
55.5713 85.2902
56.5007 86.5793
56.4795 87.6929
55.8475 86.2038
55.3493 86.2872
54.9746 85.9657
54.5714 85.8346
54.0863 85.3854
53.1764 85.1344
52.3201 84.9946
51.6595 85.2036
51.3154 85.4995
50.709 85.1966
51.3292 86.4231
51.1332 86.8037
49.8767 84.7934
49.2456 84.4783
48.8162 84.184
48.2592 83.9436
47.2465 83.7478
46.2661 83.9472
45.7317 83.9494
45.7007 84.5899
45.8431 83.1155
45.231 82.8917
44.5678 82.6656
43.7418 82.4704
42.8127 82.2951
41.9889 82.11
41.2638 81.9197
40.5789 81.7142
39.8754 81.6032
39.382 81.361
38.8382 81.3886
38.2429 81.1974
37.555 80.9577
36.7276 80.7853
36.3753 80.9767
36.1588 81.3152
34.2767 90.1716
33.8932 90.154
32.7038 90.1895
35.1496 90.5501
34.9773 90.3967
32.2896 90.4863
51.2447 90.8926
32.4655 90.9795
32.5523 91.4045
