219.483 -116.489
224.55 -113.501
224.528 -113.891
227.934 -107.599
224.198 -107.038
223.623 -107.075
227.697 -102.211
218.937 -100.69
227.587 -100.183
223.793 -99.7795
218.708 -99.1013
227.505 -98.8235
217.394 -92.7334
218.459 -94.2428
125.205 -91.9735
77.9181 -91.8754
77.2202 -92.948
76.3567 -94.1451
75.1908 -95.2686
227.139 -92.8228
227.365 -96.4472
78.6502 -90.7418
222.975 -90.9785
223.467 -91.15
141.387 -86.8411
156.605 -86.1235
159.729 -86.3791
141.605 -85.6735
223.099 -85.3163
195.603 -85.3752
179.362 -85.0804
177.877 -85.3512
222.961 -83.0873
222.766 -83.4235
140.029 -82.542
124.555 -82.3735
195.647 -82.8658
174.513 -81.8443
139.369 -81.8735
152.124 -81.6221
177.366 -82.0042
179.889 -81.7922
168.253 -81.3798
169.639 -81.6176
139.58 -81.0985
223.304 -80.5361
222.544 -81.0609
84.749 -80.2235
84.3995 -80.7968
214.353 -79.8514
214.521 -83.2972
214.759 -87.2395
214.997 -90.0052
215.172 -92.4853
215.345 -93.8348
215.384 -95.412
215.457 -97.2016
222.562 -79.4328
122.748 -78.3672
84.0545 -77.2735
151.879 -77.515
153.032 -78.7217
150.631 -77.776
150.113 -78.605
159.353 -77.7119
159.526 -79.8344
158.875 -80.5883
158.004 -81.7437
162.141 -81.8546
163.848 -81.218
163.168 -79.8124
163.983 -77.5151
167.274 -78.3519
168.19 -79.4067
165.879 -79.1525
165.307 -80.009
169.728 -77.2898
172.986 -78.2702
171.775 -78.718
171.165 -79.4414
132.31 -76.7606
133.4 -77.0144
134.341 -77.1749
135.341 -77.4633
175.247 -77.1633
175.035 -79.0869
176.5 -77.5218
176.783 -79.4369
251.675 -76.4185
130.749 -76.3846
84.6487 -76.5354
82.1808 -78.6065
83.676 -76.1664
83.2139 -76.7047
82.9084 -77.2936
82.5939 -77.8437
187.203 -76.1602
189.39 -75.9827
190.932 -76.83
191.091 -78.7809
184.262 -76.3774
181.809 -76.5481
179.781 -77.0739
179.64 -79.3875
190.722 -79.9195
191.1 -80.5383
192.346 -80.6762
193.682 -79.9428
194.921 -80.1154
195.576 -80.5775
197.212 -80.4461
198.863 -79.8506
170.935 -75.5435
282.865 -75.5395
156.842 -77.1617
156.987 -79.8289
155.987 -80.6538
152.946 -76.4054
154.852 -76.661
146.771 -75.6703
146.186 -77.1506
148.813 -75.8219
150.932 -76.1238
145.884 -78.9376
146.555 -79.5678
148.061 -80.2355
149.685 -80.7015
145.116 -79.9705
143.457 -79.493
141.91 -79.3752
140.548 -79.0502
139.35 -78.521
139.85 -79.7756
137.891 -78.1156
136.733 -77.8225
129.397 -75.3657
280.937 -75.3422
280.105 -75.7112
278.832 -75.8483
277.698 -75.8043
276.458 -75.9886
274.74 -76.2723
272.652 -76.3567
270.774 -76.6002
268.061 -76.6454
265.303 -76.8033
263.648 -76.8312
262.209 -76.9568
260.91 -76.762
259.399 -76.959
256.633 -77.2985
253.128 -77.4889
251.214 -77.4066
248.518 -77.4875
246.421 -77.6111
245.804 -77.5166
244.603 -78.1369
242.26 -77.9918
239.459 -78.3736
237.126 -78.5203
234.562 -78.633
231.599 -78.6983
229.246 -78.5653
227.825 -78.5419
226.62 -79.6165
226.577 -83.3711
226.938 -89.7376
226.772 -86.266
226.81 -88.1975
227.564 -74.7803
246.429 -74.7337
237.138 -75.0542
232.405 -74.4735
212.317 -74.7884
213.384 -75.2668
214.6 -75.6964
215.342 -75.6791
216.198 -74.6618
215.522 -76.9981
217.171 -75.0608
217.282 -77.2695
211.055 -74.8948
209.881 -75.3669
208.873 -74.9601
207.453 -74.9639
209.875 -76.2441
208.96 -76.7861
209.518 -77.4193
208.875 -77.8678
205.311 -75.1953
203.61 -75.7075
201.525 -75.501
198.41 -75.5894
198.28 -76.9474
198.25 -76.4655
198.967 -77.7821
199.793 -78.1407
200.536 -77.5821
201.17 -77.6353
202.083 -77.3461
202.836 -77.3641
203.86 -76.9233
204.768 -76.7338
204.724 -77.5476
205.147 -77.9075
80.0772 -74.5932
164.421 -74.2634
163.233 -74.7865
166.289 -74.4694
166.747 -75.0254
168.116 -74.8184
170.163 -74.2088
170.506 -74.4217
172.496 -74.5823
172.488 -75.3262
123.324 -74.2409
123.587 -74.7746
123.302 -76.0056
123.011 -77.2453
240.513 -74.0293
281.35 -73.7346
111.76 -73.7335
111.413 -74.3693
257.581 -73.2428
110.267 -72.9668
236.295 -73.3886
265.213 -72.8288
264.987 -73.0463
248.692 -72.9611
249.191 -73.4757
229.729 -72.605
286.606 -72.372
201.825 -72.842
202.558 -72.7911
199.842 -72.6195
199.498 -73.465
284.929 -72.3676
267.024 -72.4265
149.165 -72.6018
148.489 -73.0749
150.239 -72.5264
151.68 -72.3161
152.659 -72.982
152.375 -73.7052
151.825 -73.5375
151.17 -73.654
232.855 -71.9235
208.141 -72.4578
208.597 -72.7972
206.935 -72.005
205.838 -72.0837
204.603 -72.2532
204.019 -72.9062
112.194 -72.4548
80.0551 -71.954
80.7754 -72.266
80.9853 -72.6773
80.4767 -73.6981
239.143 -71.7957
237.112 -71.6592
284.649 -71.4494
248.99 -71.3735
288.571 -71.5356
288.202 -72.0315
268.714 -71.1507
127.163 -71.1427
128.214 -71.0757
126.624 -72.4815
126.236 -73.9991
129.583 -71.439
131.108 -71.7849
132.578 -72.2472
133.986 -72.4796
135.273 -72.7663
136.683 -73.076
137.89 -73.5218
139.525 -73.8924
140.548 -75.1556
140.254 -77.0559
140.018 -75.5546
139.424 -76.9313
107.079 -70.7568
281.621 -71.8219
281.039 -70.8426
281.191 -71.4101
266.468 -70.4172
282.933 -70.3533
283.44 -70.2963
280.304 -69.5019
135.633 -70.0378
135.451 -70.7878
136.605 -69.8351
137.699 -70.0938
138.711 -70.3765
138.979 -70.9323
139.5 -71.0758
139.483 -71.8936
109.899 -69.8376
109.49 -70.3338
109.62 -71.0881
110.056 -71.3157
109.156 -72.1727
108.439 -72.4588
107.459 -72.2154
106.884 -71.8786
113.824 -69.4999
114.58 -69.8863
114.89 -70.7448
114.526 -71.8467
115.163 -72.3568
116.262 -72.321
116.868 -72.101
117.796 -72.3609
284.574 -69.4094
277.232 -69.481
77.499 -69.2993
78.1746 -69.7733
78.7896 -70.3907
78.6446 -71.1025
78.3249 -72.0383
78.0155 -72.9653
77.9772 -73.7177
77.7196 -74.3634
120.772 -69.2549
123.085 -69.8265
119.639 -70.0204
118.864 -70.8699
123.908 -70.5577
123.083 -72.1619
124.384 -71.0636
124.037 -72.8545
98.4448 -69.2137
281.383 -69.2072
288.677 -68.8886
176.272 -69.0695
175.442 -69.3804
173.798 -69.7634
172.569 -68.9952
174.705 -68.2735
152.921 -69.2132
153.249 -68.0646
153.492 -68.5369
110.458 -68.2023
109.501 -68.7865
185.07 -68.4141
184.352 -69.2799
181.983 -69.5105
181.409 -68.4907
149.743 -68.0983
150.64 -68.7098
113.658 -67.6966
113.015 -68.3457
112.744 -69.4187
112.66 -70.6502
114.286 -68.118
115.281 -68.0295
116.561 -68.4259
117.458 -68.7611
148.454 -67.6768
201.161 -67.782
200.544 -68.6134
197.331 -68.7763
196.393 -67.7633
211.294 -66.7174
104.405 -66.4735
102.015 -66.7081
101.623 -67.2415
147.146 -66.436
260.012 -65.9657
225.116 -66.0105
147.06 -67.9195
147.164 -67.3779
143.876 -66.5632
144.569 -67.6026
145.599 -67.5785
145.515 -66.7215
79.3324 -67.1001
78.4303 -66.0174
79.0101 -66.2301
265.925 -65.8818
227.805 -66.3158
226.936 -67.1066
225.286 -67.3088
223.764 -66.6893
269.575 -65.6326
121.185 -65.9463
123.266 -67.1325
120 -65.8958
119.399 -66.4093
122.667 -66.6304
122.257 -67.3193
234.505 -65.5926
236.987 -64.9942
238.082 -65.2633
238.146 -66.1026
237.573 -66.6856
236.401 -66.7999
234.473 -66.5959
95.6256 -64.959
79.087 -65.1278
257.917 -64.6786
257.13 -65.3428
257.408 -65.9596
258.304 -65.8766
262.942 -65.7858
264.695 -64.4547
262.847 -64.6794
268.745 -64.3185
269.575 -64.1435
178.041 -65.0706
178.676 -66.2166
97.333 -64.2274
98.6256 -64.1035
99.753 -64.4083
100.719 -64.6571
98.0872 -64.775
96.5743 -64.7772
98.7696 -65.7017
98.7058 -65.5881
97.8475 -66.0189
96.7512 -66.0426
99.2724 -66.5056
99.5601 -67.0501
96.5422 -66.6993
95.642 -66.4207
94.9212 -66.4735
94.1762 -65.9589
101.788 -64.8804
102.728 -65.1943
103.209 -65.3224
104.203 -65.3977
106.119 -65.7362
107.355 -66.1366
107.671 -67.4929
107.478 -69.0558
105.411 -66.0136
105.082 -66.5272
105.212 -67.7254
105.721 -67.08
104.647 -67.9561
104.003 -67.7611
103.488 -67.5767
103.35 -66.9881
275.259 -63.5372
104.076 -62.6235
233.59 -62.0663
249.945 -62.0235
91.6424 -62.3276
90.757 -63.2219
90.876 -64.4421
92.9286 -64.3431
93.4823 -63.6852
92.9063 -62.7377
94.5648 -63.0219
95.704 -63.4451
89.906 -64.9676
90.4783 -65.7823
89.8731 -67.5241
90.3001 -68.2509
88.2101 -67.1605
88.2075 -66.2691
87.0081 -67.7803
86.6925 -69.1066
156.955 -61.9735
268.946 -61.4638
102.272 -62.1091
103.499 -61.6643
105.218 -62.2837
105.946 -63.1194
270.156 -61.4383
176.04 -62.1831
175.379 -64.4913
281.505 -61.1318
279.675 -61.1735
202.731 -61.411
202.56 -62.0425
278.23 -61.0978
274.549 -61.0445
273.295 -61.0811
162.242 -60.8435
162.474 -62.0425
162.363 -63.0799
162.461 -64.3158
162.941 -65.3568
163.337 -66.2235
168.877 -66.8073
174.85 -66.7179
161.102 -61.3035
177.439 -60.285
178.054 -61.8085
179.984 -60.7201
180.384 -62.6141
181.344 -65.8546
184.897 -66.1376
189.626 -66.0005
192.013 -65.7904
195.306 -65.6484
198.158 -65.5543
201.513 -65.2948
202.991 -64.1301
202.668 -59.4589
118.316 -61.3783
119.322 -61.0536
112.456 -58.885
112.125 -59.5488
113.046 -60.2006
114.437 -60.4804
115.341 -60.4532
117.031 -61.2
115.19 -59.8557
116.363 -60.0935
202.786 -57.5124
204.717 -58.1056
204.94 -60.3951
205.003 -61.8728
204.987 -63.4952
175.967 -57.2506
135.205 -55.9368
202.703 -55.475
178.405 -56.2735
247.044 -55.5144
248.046 -56.1101
242.335 -54.9189
242.872 -55.3749
242.078 -56.3656
243.353 -56.4971
243.654 -57.8257
243.214 -58.7528
242.464 -59.028
241.334 -59.7481
239.627 -59.4137
240.434 -57.7512
238.357 -57.4994
237.956 -56.2527
238.581 -61.1325
238.336 -62.8654
238.003 -63.5827
236.96 -63.3679
234.755 -63.1436
233.129 -63.353
229.412 -63.6384
226.406 -63.8521
224.898 -63.4406
223.799 -63.9149
222.018 -63.9096
221.131 -64.0032
219.284 -64.1794
216.45 -64.333
213.687 -64.4916
210.841 -64.6787
208.254 -64.8592
206.431 -64.9093
205.437 -65.2338
204.87 -65.0705
86.425 -55.0065
86.9732 -55.5952
86.7755 -56.9577
86.3745 -58.1014
96.724 -54.3124
98.2456 -54.5228
96.2299 -55.1507
96.7121 -55.647
97.5667 -56.1508
98.4346 -56.2084
99.4971 -56.1651
99.8516 -55.4609
131.54 -53.9878
131.201 -55.4565
130.66 -56.7445
130.604 -57.7762
130.262 -59.0388
129.982 -60.6312
131.307 -61.1721
133.12 -61.4397
133.891 -60.0634
134.96 -59.2707
134.048 -58.3901
134.51 -56.799
134.902 -61.4646
136.245 -62.4056
138.094 -62.829
140.024 -63.1863
141.918 -63.6042
143.836 -63.9834
145.78 -64.395
147.742 -64.8009
149.412 -65.16
151.256 -65.4991
153.115 -65.9195
154.469 -65.9572
155.105 -64.1024
155.849 -63.619
156.041 -64.7243
157.293 -66.1324
160.39 -66.3047
160.754 -65.3039
160.803 -63.9939
160.905 -62.6244
248.238 -52.9633
204.511 -54.4235
249.412 -51.7936
96.6212 -51.6568
247.466 -51.535
247.021 -52.5386
204.194 -51.6708
129.072 -51.2408
128.842 -52.2445
132.201 -51.1109
131.937 -52.387
203.222 -50.4644
132.605 -49.4235
130.175 -48.4978
246.92 -48.8432
247.551 -49.7502
247.796 -47.3131
247.064 -47.3242
248.006 -47.9964
247.799 -48.8046
255.94 -45.202
255.892 -44.2235
92.5185 -43.6647
92.9985 -44.2345
132.128 -42.91
133.15 -43.1605
93.5479 -40.083
92.9879 -40.4037
92.576 -41.4842
92.451 -42.4568
88.4733 -39.3451
88.7121 -41.0071
88.0886 -42.3478
87.5539 -41.9747
238.99 -38.7033
237.907 -38.5667
238.81 -39.572
239.334 -40.2799
239.848 -41.7946
238.48 -42.7044
236.896 -43.165
236.322 -43.9404
236.768 -45.0539
236.999 -46.4288
236.816 -47.472
237.105 -49.3254
237.872 -50.996
237.541 -52.0681
238.571 -53.1093
238.938 -54.5621
88.6008 -36.9732
88.3238 -37.4787
249.624 -36.7441
88.0276 -35.9863
89.203 -35.1901
97.5911 -38.2845
98.0295 -39.3924
98.3311 -40.4196
97.9557 -40.8126
99.4278 -34.3265
97.8856 -34.8363
96.3212 -35.6636
96.609 -36.9119
96.1217 -37.9185
96.0962 -40.1251
96.5929 -41.6728
97.4952 -43.2828
95.8866 -41.9514
95.5899 -43.2685
95.6901 -44.5278
95.6788 -45.499
96.3844 -46.1066
97.8507 -46.7298
97.535 -45.6857
98.2348 -44.8082
97.8691 -47.9013
96.3093 -47.9023
95.2465 -47.8568
94.7771 -49.5265
94.5593 -51.4908
95.4777 -52.3278
96.4164 -52.6528
97.2667 -52.9866
98.4969 -53.2654
99.7613 -53.5805
100.789 -53.6143
101.699 -54.0766
102.924 -54.3541
103.991 -54.6432
105.022 -54.8701
106.218 -55.1652
107.458 -55.4683
108.731 -55.7568
109.793 -56.033
110.508 -56.429
111.144 -56.5191
112.196 -56.8299
112.833 -57.1141
114.261 -57.0912
115.358 -57.3976
116.436 -57.6537
117.566 -57.9266
118.685 -58.2164
119.823 -58.5075
120.97 -58.7985
122.055 -59.0394
123.194 -59.3155
124.405 -59.6235
125.629 -59.9195
126.929 -60.1331
127.235 -59.2211
127.52 -57.9704
127.821 -56.7075
128.2 -55.4194
128.425 -54.5071
88.8129 -33.6664
89.1321 -34.4398
250.069 -33.8787
249.096 -34.6896
249.05 -33.4355
102.129 -33.0153
102.302 -33.7527
101.225 -32.6513
250.431 -32.6382
241.303 -31.9533
242.166 -33.2802
241.479 -34.1182
241.521 -30.8603
241.86 -31.4637
86.63 -30.8448
86.3577 -31.1713
236.202 -29.8725
236.999 -30.7861
239.386 -31.8232
239.271 -34.5773
239.051 -35.7743
239.354 -37.0954
238.095 -36.4794
237.228 -36.6638
249.357 -29.4391
248.802 -29.9184
249.041 -31.0639
249.917 -31.5998
249.086 -27.535
248.528 -27.8961
250.196 -26.6735
249.126 -26.2879
380.763 -26.1522
249.448 -25.7629
250.138 -25.4151
245.851 -25.4196
246.325 -26.1157
246.771 -26.8241
246.147 -27.0277
237.882 -28.311
236.304 -24.7599
236.59 -25.6068
236.148 -26.0985
235.646 -26.5727
236.342 -27.155
237.271 -27.454
246.659 -24.0777
246.005 -23.7522
245.587 -24.302
20.0508 -23.5898
21.3114 -23.7901
-24.6205 -22.561
26.6318 -22.4085
25.851 -22.5849
27.5545 -21.9735
22.3429 -21.8206
240.697 -21.1832
24.3171 -21.3019
249.028 -21.0255
22.7831 -20.7735
22.9161 -19.5103
241.135 -19.6837
241.669 -20.7464
241.801 -22.6078
240.893 -22.9664
93.243 -18.6887
92.8778 -19.2174
79.9545 -18.0735
246.049 -17.9999
245.298 -18.4246
245.569 -21.001
246.397 -21.1931
93.4908 -17.6786
92.3639 -17.7501
250.626 -17.1119
240.03 -16.5485
-27.3621 -16.3426
-26.4521 -16.4201
80.1274 -16.0474
79.3255 -16.2783
78.5072 -16.4351
78.4359 -17.0448
-36.8601 -16.3795
-36.424 -16.8878
-36.3875 -17.5278
-36.6837 -18.1495
85.7614 -36.2446
86.4491 -37.4643
86.257 -39.1495
86.0988 -39.8572
85.6027 -40.5321
85.3486 -41.7547
83.8204 -15.3854
83.1735 -15.668
82.6176 -16.2672
83.0434 -16.9401
84.0516 -17.059
84.4819 -16.6834
85.327 -17.0905
85.9496 -16.8545
82.8461 -17.8928
83.3829 -18.6243
83.5026 -20.5314
83.6825 -23.0787
83.8192 -25.5873
84.5427 -27.0086
85.9432 -27.2092
86.5665 -27.8611
85.0883 -37.7688
83.4891 -36.6279
83.677 -38.3289
83.4871 -38.9781
83.9191 -40.0485
83.7445 -40.5904
83.3895 -41.6516
82.7018 -42.2774
82.6409 -43.1037
82.5325 -44.5638
82.7113 -45.9784
83.9531 -46.4483
85.3938 -46.8457
85.4931 -47.8301
84.8733 -48.6365
83.4869 -48.3628
82.3756 -48.2252
84.7997 -49.6009
84.2289 -49.6613
85.1393 -50.3787
84.8573 -51.4096
84.6106 -52.5432
84.3826 -53.6259
84.1989 -54.9721
83.7619 -56.3508
83.5355 -57.1199
83.3918 -58.1583
83.1514 -59.2335
82.8909 -60.2099
82.6422 -61.0901
82.4045 -61.8735
82.1467 -62.596
81.8595 -63.6537
85.0137 -28.3424
83.6537 -29.2619
83.6118 -30.4651
84.1976 -32.0737
84.2986 -37.9104
84.3808 -36.2358
83.8105 -33.7832
83.9212 -36.1735
92.9471 -14.9701
92.7019 -15.6895
-40.8318 -14.2784
375.256 -14.1793
240.5 -14.1471
240.604 -15.0416
241.102 -15.9784
240.857 -17.4652
233.34 -13.5285
238.537 -14.3172
235.826 -14.6396
236 -18.5107
238.929 -18.2037
238.983 -21.0899
239.151 -23.4337
238.727 -25.6667
235.058 -13.3189
236.701 -13.3484
231.602 -13.1549
229.198 -13.2131
84.839 -13.1832
86.3979 -13.8158
86.6279 -15.0083
85.8508 -15.3922
218.523 -13.5366
24.542 -13.011
372.155 -12.5235
252.073 -12.5976
96.5977 -12.5803
83.1567 -12.7353
-38.2697 -12.5778
-38.6627 -13.074
379.322 -12.2295
222.155 -11.6818
223.705 -11.4301
225.005 -11.2378
232.133 -10.7683
227.842 -10.9981
61.4424 -10.2356
255.274 -9.75958
251.405 -9.60959
379.005 -9.47348
371.795 -9.18809
14.4817 -8.22999
87.5959 -8.00969
87.3212 -8.67681
87.7409 -8.96255
88.47 -8.72782
-26.0318 -7.37348
-26.9324 -6.57978
-27.7759 -6.96696
-27.9239 -7.98011
-28.0628 -8.75934
379.137 -6.40321
378.804 -7.03596
92.9418 -5.91594
92.5425 -7.42885
92.7832 -9.00424
92.9844 -10.0055
61.6354 -5.7687
60.1118 -5.83145
7.87586 -5.6123
8.88508 -6.96723
5.51158 -5.68299
2.91839 -5.84034
0.855203 -6.11089
-0.290714 -6.37467
-0.845477 -6.62348
-1.45457 -6.96666
-2.18437 -7.50751
-3.02063 -8.19742
-4.44597 -8.27903
-5.23585 -7.73551
-4.32109 -8.83242
-4.542 -9.46514
-5.02048 -9.74119
-5.65119 -10.2816
381.937 -6.14364
15.1971 -5.16723
13.2336 -5.37992
19.2885 -7.10286
19.6324 -14.3212
11.0816 -5.62608
10.8398 -6.72131
10.9075 -8.06064
9.70452 -8.51313
60.4439 -4.97548
88.0652 -4.78284
88.4072 -5.5486
249.853 -4.98327
250.567 -6.03338
250.962 -7.11984
251.035 -8.48763
57.4523 -4.31014
57.9164 -4.55005
244.823 -4.42679
244.207 -5.25623
244.875 -7.41313
245.676 -7.5449
93.1181 -12.9161
97.3794 -4.44781
97.5014 -5.91148
96.2637 -5.55125
95.4854 -6.71926
94.8887 -11.2092
95.0591 -11.7614
96.548 -9.66401
96.8519 -10.4994
97.7575 -11.3661
98.1763 -13.1316
97.2056 -13.659
96.4814 -14.4996
98.2946 -14.7733
98.3312 -15.8297
98.1855 -16.9551
98.0969 -17.8842
96.7053 -18.5212
95.0414 -17.2095
95.4667 -17.0163
96.3859 -16.8049
97.3225 -19.2022
96.0484 -19.9804
98.3642 -20.0552
98.535 -23.1494
98.7862 -25.9598
98.7051 -27.8617
98.9727 -30.2641
99.1165 -32.4564
95.8212 -7.87236
94.8271 -10.7049
95.0051 -10.2258
94.399 -10.6531
278.118 -3.71312
278.833 -4.55474
252.197 -3.13776
84.5847 -2.76804
84.2768 -3.43612
83.2937 -3.81737
82.9886 -5.37675
6.67619 -2.69959
7.29738 -3.36014
249.938 -2.92209
238.722 -3.27578
238.776 -5.67923
378.405 -1.92348
374.535 -1.77348
85.2776 -1.91707
83.246 -1.773
81.0468 -1.88775
76.8624 -2.17247
73.328 -2.29926
71.1247 -2.26633
69.6606 -2.42814
67.2776 -2.64421
85.9529 -4.09761
86.0593 -6.11302
85.7764 -9.11154
85.8883 -10.997
84.9564 -10.1202
84.1452 -9.93507
83.3769 -9.51306
83.9509 -8.52485
64.443 -2.79286
62.7229 -2.90443
61.6352 -3.67401
60.5216 -3.1101
59.0038 -3.17156
57.2039 -3.20871
54.7876 -3.20071
50.1044 -3.36183
46.51 -3.61553
43.9522 -3.73569
41.2735 -3.99677
36.488 -4.10268
29.5403 -4.35114
25.7571 -4.94569
24.236 -6.33292
24.0951 -9.42264
17.0761 -2.06695
16.4459 -2.83895
17.7634 -2.1007
18.1774 -2.79082
15.6736 -2.48999
15.6034 -1.81236
14.8875 -2.72026
14.4976 -3.3156
17.6188 -3.44967
12.1958 -1.66654
13.249 -2.12114
10.2991 -1.76532
9.09897 -2.30746
25.6332 -1.74726
24.782 -2.57386
26.8343 -1.75611
27.2332 -2.37139
74.9419 -0.549605
-40.7873 -0.619602
-40.3251 -0.671096
38.2924 -0.910177
37.2573 -1.60959
39.6298 -1.03039
40.3434 -1.41771
101.337 -0.423479
100.343 -0.585164
98.9967 -0.85485
96.6251 -1.03188
95.3421 -1.66616
95.1275 -2.52348
96.2054 -3.23196
96.1001 -4.0007
104.218 -0.212257
103.123 -0.577913
-18.6833 -0.399032
-18.0667 -0.378525
-19.1886 -0.630918
-19.5366 -1.20239
-20.0426 -1.58163
-20.342 -2.19892
-21.042 -2.31412
-21.3928 -2.78225
-22.1045 -3.24455
-22.6065 -3.71697
-23.1909 -4.31828
-23.8371 -4.07681
-23.791 -4.79626
-24.3296 -5.12596
-24.7634 -5.74261
-25.0699 -6.35126
111.858 0.099071
109.195 -0.0568098
41.8389 -0.809111
45.8374 0.1902
46.6671 -0.559402
44.2434 0.178278
42.4829 0.0944392
373.725 0.497525
57.4645 0.5637
58.2668 -0.190655
56.0495 0.0719255
56.0847 -0.51386
54.8233 -0.00196139
53.583 -0.384325
52.5306 -0.655153
52.0872 -1.39694
96.986 0.787633
62.8904 0.942069
64.2035 0.0699572
60.2227 0.445542
59.9777 -0.627046
252.325 -45.8635
252.606 -47.8692
252.813 -48.515
252.553 -49.4525
252.905 -50.3321
254.251 -50.1577
252.501 -51.9869
252.675 -54.7884
252.809 -57.1086
252.906 -59.7401
252.947 -61.8281
254.412 -62.2983
258.148 -62.0866
262.274 -61.8749
265.452 -61.6799
267.386 -61.5625
247.24 1.08778
246.741 -0.160018
247.046 -2.00629
247.438 -2.9246
246.994 -4.94946
247.757 -8.10848
247.825 -9.23201
249.26 -9.6864
250.417 -11.071
250.686 -13.9681
250.521 -15.424
249.285 -15.6969
248.483 -15.9734
247.797 -16.4641
247.591 -18.2189
247.776 -20.1177
247.98 -21.4028
247.96 -22.5142
248.328 -24.2565
249.825 -24.21
250.275 -23.5219
251.046 -25.3953
250.653 -22.1926
250.059 -21.8842
251.12 -27.4102
251.351 -31.7394
251.28 -35.0872
251.714 -36.1776
251.82 -37.8425
252.491 -39.4324
250.889 -39.8951
252.099 -42.4002
249.162 -7.36228
379.459 1.23916
378.465 0.264478
-42.4267 1.13202
-43.0466 1.30986
-42.2018 0.292948
-41.6049 -0.144251
111.105 1.82652
116.105 1.8637
80.884 2.00601
79.1315 1.72672
77.457 1.24008
77.743 0.282649
82.4516 1.71921
82.7261 1.09947
82.3644 0.389668
80.4815 0.0485821
76.2406 1.00522
76.8093 -0.254906
75.1496 0.960712
74.0277 1.42362
73.1411 1.45416
72.1621 1.49213
71.0197 0.740751
70.8801 -0.0562914
272.673 2.37203
269.391 2.49582
270.31 2.02784
-25.6308 2.85083
-26.3349 2.58816
100.799 3.09333
98.6663 2.53595
98.7933 1.52541
100.85 1.40278
111.359 3.32541
108.993 2.76244
-15.0752 3.06571
-15.6358 2.95591
-14.4853 2.65831
-13.9797 2.98508
269.505 3.62653
114.516 3.62695
115.521 3.75725
114.329 2.6791
114.527 2.03228
124.318 3.9052
208.473 5.01402
130.433 4.82854
129.512 4.6774
234.665 4.57411
234.816 2.44314
234.966 -0.188342
234.898 -1.60057
235.043 -3.68777
234.706 -5.88242
234.94 -8.15572
236.013 -10.0139
235.018 -10.7207
-25.8417 5.40761
222.236 5.84527
244.517 5.51162
243.72 4.54226
244.245 2.02289
244.556 1.32652
223.6 6.05696
228.643 6.62121
230.809 6.24628
238.499 0.769556
233.707 6.75777
234.619 6.45412
236.175 6.48059
237.679 6.58864
238.251 6.18208
238.331 4.1526
-10.0736 6.72184
-10.4853 6.19568
245.021 7.09536
-10.883 7.78902
371.029 6.43207
371.253 2.83407
371.385 0.0736762
371.561 -2.04384
300.325 8.01236
266.462 8.40219
264.116 8.25311
268.832 7.64656
269.652 5.44633
259.619 8.12201
254.714 7.85268
250.846 7.63908
249.136 5.8165
248.014 4.61636
249.262 3.74082
249.072 2.58809
249.482 1.12367
246.865 3.08128
246.584 5.42636
246.842 6.9951
247.42 6.50124
231.505 8.56739
120.535 8.69652
5.52418 8.55943
6.28369 8.47236
6.58286 7.70319
276.416 7.86218
276.181 7.27299
276.285 5.27559
274.451 3.81478
276.762 5.865
276.839 3.79407
277.088 1.73963
277.232 0.306694
-18.4527 8.67895
-18.8268 7.949
-19.2387 7.09456
-20.142 6.62214
-20.8472 6.07936
-21.5653 5.60073
-22.111 5.04962
-22.4588 4.47438
217.068 7.82104
216.066 8.9594
216.946 8.65909
279.682 8.71167
279.311 6.50317
282.629 9.458
208.216 8.81733
207.424 8.62475
8.30301 9.24774
8.46029 8.42652
8.41569 6.5914
7.35745 5.80693
290.585 9.76682
287.606 9.58175
286.151 9.21283
284.438 9.35791
230.784 9.98069
294.538 10.0691
262.305 10.3265
232.592 10.1081
233.562 10.0307
233.987 9.2696
233.738 8.44648
29.9274 10.089
-20.3906 9.81175
-20.9318 9.55986
263.53 10.425
13.7837 9.56114
12.4379 9.52936
13.4403 7.94963
13.5781 6.29329
28.9974 7.60757
29.8377 8.20313
26.9322 7.31501
28.2458 8.64773
25.912 9.87848
26.1575 8.36407
27.7964 7.88986
27.6069 9.29627
20.8669 10.1719
19.3945 9.88859
20.147 8.26468
20.4379 6.55958
95.1606 10.8159
280.79 11.0015
269.123 11.0667
36.873 9.67672
35.0532 7.7714
34.4525 8.55144
34.6406 9.71949
33.7483 6.98211
32.7819 8.17581
31.717 6.89053
30.7196 8.67543
325.113 11.3926
323.696 11.3091
319.648 11.1802
314.144 10.9522
312.089 10.7212
303.436 10.3057
300.054 10.0228
297.988 10.1444
316.986 11.1066
315.903 11.0214
309.094 10.7022
306.163 10.5413
7.14976 11.398
-22.5652 11.1875
277.035 11.3646
380.652 10.473
380.932 8.21677
381.09 5.23582
381.113 3.22934
381.396 0.417073
381.647 -1.74092
381.8 -2.97903
381.812 -3.93903
330.28 11.75
332.025 11.7758
-23.6955 11.6265
103.623 11.4164
104.275 10.8296
46.2049 11.0893
44.7964 10.3546
44.5225 9.3157
45.6821 8.45332
41.9363 8.1477
41.9934 9.77652
40.3567 7.95525
39.9333 10.129
106.046 11.7701
57.1392 11.7432
57.3981 10.9487
57.2827 9.67235
58.0431 8.58012
58.8939 9.76356
59.2759 10.8104
60.0577 9.08667
61.3248 9.89854
263.254 12.0613
265.102 11.5036
261.13 11.1672
260.45 10.6064
259.452 11.0942
258.124 10.9003
257.301 10.6056
256.112 11.4007
253.629 11.1912
254.089 9.72562
252.45 10.8544
251.04 11.2573
249.378 11.0796
247.602 10.5242
248.612 9.34068
250.659 9.55459
123.706 12.0078
101.046 11.7331
101.839 10.9618
58.7895 11.8915
107.633 12.1121
108.36 11.8136
270.331 11.1507
266.455 11.5483
269.146 12.3142
269.922 12.1869
268.132 12.3318
267.461 12.1673
121.249 12.2878
121.641 11.8599
62.1124 10.5517
63.0471 8.94351
63.8094 10.3076
63.6527 11.8208
316.012 12.7343
277.874 12.7534
279.452 12.5628
276.364 12.4552
275.995 11.6507
280.178 12.2721
278.846 11.8754
281.18 12.5734
282.513 12.7242
66.2914 11.3468
65.9406 9.46818
65.3787 11.4384
64.8728 11.9384
98.3085 12.9008
98.6064 12.2132
98.7911 11.2784
99.5916 10.9631
286.047 13.0708
288.002 12.6534
284.676 12.5602
283.815 11.8068
82.4625 12.3744
82.6729 10.5137
81.6604 9.81829
81.0204 11.6479
30.0409 13.1614
-28.2996 13.1453
70.3172 10.5912
70.0212 12.2273
78.9613 12.7244
79.1921 10.7458
78.6906 9.16571
77.5291 9.83136
76.6067 10.0291
77.2834 11.286
75.5244 9.99273
74.9762 11.5062
73.006 10.6781
71.5222 9.74795
74.4011 12.0168
74.3747 10.4734
72.206 10.6447
71.9481 11.7013
-15.4381 12.7705
-15.6159 12.0668
-16.2259 11.2541
-17.0397 10.5671
-17.8942 9.77909
36.9581 13.7468
366.579 13.8788
364.304 13.7649
360.83 13.4172
357.887 13.1223
369.229 13.8835
370.561 13.12
370.74 11.6072
370.808 9.81189
355.932 12.7209
352.389 12.8765
349.464 12.4104
347.449 12.7269
344.142 12.5412
341.705 12.4224
339.437 12.1522
337.025 12.1528
301.514 13.7229
301.98 13.1099
302.781 13.5514
303.351 12.7149
300.012 13.7022
299.348 12.9071
299.107 12.3977
298.611 12.8697
297.91 13.1525
296.786 13.3245
296.032 12.8186
295.429 13.3392
294.58 13.6061
293.241 13.4925
291.997 13.0572
291.484 12.6059
42.0656 13.9144
40.6719 13.8099
38.8083 13.3038
38.0481 13.1835
309.058 14.1332
307.973 13.2406
310.547 13.8716
311.61 13.5245
134.086 14.1884
132.561 14.2726
132.489 13.3505
133.169 13.2396
133.447 12.5503
-3.28068 14.2127
-2.52727 13.6231
-1.8354 12.9277
-0.934941 12.2002
1.13801 11.7377
3.89254 11.9731
5.73963 12.0641
6.99321 12.4609
8.26436 12.4552
11.3716 12.4591
15.2463 12.6219
17.5372 12.4096
19.0402 12.4741
20.5729 12.8543
24.0236 13.0918
27.0264 13.0891
95.9439 14.5144
95.8945 13.4355
96.0857 11.6515
96.9201 11.0601
314.1 14.3338
314.425 13.6031
313.59 13.9512
313.531 12.9669
358.255 14.967
345.057 14.8163
321.766 14.8332
319.85 14.3159
323.08 14.4499
322.228 13.9676
318.121 14.3521
318.903 14.3382
316.446 14.3619
316.799 13.6647
114.788 14.6685
115.008 13.1534
115.234 11.7315
116.574 11.5464
-3.91422 15.0828
392.966 15.2006
391.294 15.1182
388.701 14.9141
385.437 14.752
382.52 14.5724
380.376 14.2842
380.282 13.4207
380.059 12.6216
327.943 15.3326
326.37 15.111
325.328 14.8633
324.892 14.2057
328.967 14.9239
329.602 14.4532
330.396 14.7429
330.838 14.0643
71.7355 15.3364
68.8536 15.3977
65.1493 15.2261
397.18 15.4212
335.062 15.4002
336.12 14.8586
332.965 15.1435
332.133 14.7535
78.8644 15.327
78.2451 15.0732
406.694 15.9616
402.914 15.8072
399.984 15.4531
400.037 14.7074
341.36 15.7216
340.928 15.2482
339.021 15.6011
338.446 14.9796
-4.74548 15.989
346.209 15.9587
346.976 15.5365
343.937 16.2474
342.945 15.264
352.706 16.0998
352.366 14.9721
353.635 15.643
353.486 14.4432
197.967 15.9779
197.216 15.4259
414.993 16.5487
410.956 16.3375
205.735 16.3649
205.101 16.1589
199.982 16.4423
199.846 15.8676
203.623 16.6205
203.395 16.0372
421.204 16.9575
209.172 16.7474
208.534 16.3769
361.693 16.8847
362.886 16.4863
360.027 16.7447
359.205 16.1153
-18.9947 17.0718
-18.875 16.5706
-19.0222 15.7586
-19.6126 15.4558
367.173 17.0421
366.086 16.9762
364.63 16.7755
365.555 16.2099
212.292 16.7877
-6.00852 17.2831
49.8028 15.7445
50.9526 14.6821
52.2212 14.776
53.0361 16.1813
408.005 17.7447
223.174 17.4515
223.806 17.5643
214.752 17.5195
214.376 16.6317
226.253 17.8537
225.387 17.1413
387.479 18.8246
385.531 18.2829
385.599 17.445
384.883 17.2734
392.13 18.971
390.441 18.2351
411.589 18.9201
410.738 18.769
219.641 17.0776
219.647 18.898
219.929 18.0684
403.493 19.0765
402.383 18.9853
401.546 18.4489
401.342 17.8863
49.6045 18.8265
-7.92358 19.2666
-7.48565 18.8911
53.0351 19.6932
228.697 18.8886
228.126 17.7321
-20.4121 19.8157
-20.0818 19.358
-19.9172 18.582
-20.6443 17.8961
420.119 20.1671
419.241 19.9273
418.517 19.4299
418.575 18.8047
46.8376 17.133
45.4362 14.294
43.3934 13.846
422.366 20.4188
-9.02659 20.3099
-8.50445 20.0876
231.36 18.8019
56.6212 19.0522
55.9311 19.6597
56.0746 17.4925
56.6467 17.25
57.2697 15.4396
59.1631 14.8312
61.234 14.9698
53.1545 21.0432
245.9 20.6395
-9.69548 21.2659
234.443 21.8887
234.157 21.2083
234.281 19.8228
233.634 18.5149
254.458 21.6837
-10.5726 22.0592
247.767 21.4686
248.051 19.8529
248.771 18.8536
249.449 20.2577
-21.4635 22.0642
-21.5214 21.2863
252.712 21.3946
252.988 19.7145
253.837 18.98
254.683 19.8584
251.966 20.7747
251.584 18.8489
250.496 19.0439
250.153 20.7277
-11.2955 22.7911
298.305 23.0765
259.314 22.117
259.568 20.2829
259.272 19.2079
258.357 19.066
257.344 19.6642
257.382 20.3506
256.122 19.5182
255.404 21.1574
84.1314 21.9171
84.3268 20.4285
84.3649 18.7945
84.5934 17.0511
83.8599 16.3251
82.3557 16.2446
81.6738 16.8225
80.4869 15.9774
262.267 21.5008
260.979 20.5296
247.67 23.2652
267.807 22.9821
267.242 20.9893
265.443 22.1248
266.352 20.2301
265.126 20.0699
264.083 20.0061
263.646 21.5314
266.389 21.9199
265.947 22.7206
56.267 23.329
290.106 22.4793
289.726 20.6376
288.889 20.8554
288.326 22.4043
279.431 23.437
277.178 22.7053
277.831 20.7874
278.946 21.2756
279.818 21.4187
280.77 20.6866
281.926 21.7047
282.718 20.9028
283.727 21.1053
291.074 22.9409
292.401 22.0857
286.38 23.3438
286.285 21.0389
285.182 20.9698
284.519 22.8601
292.605 24.8265
49.8939 25.025
249.638 25.1592
310.414 24.7669
251.945 25.3365
254.528 25.4779
86.7563 24.461
85.4516 25.036
85.6753 24.3156
299.858 25.2345
300.051 23.8473
300.054 22.1725
299.233 21.7186
298.559 22.017
297.955 22.1894
297.582 23.5765
297.823 23.9773
297.57 21.5104
296.662 21.4391
296.27 22.4318
295.695 22.9647
295.468 23.3297
294.402 21.497
293.8 22.3523
293.596 23.8332
-21.6025 25.1404
-22.1424 24.5194
-22.6655 24.0103
-23.1208 23.5901
259.53 25.8063
303.173 24.3731
303.506 22.3267
304.23 22.0662
304.977 22.7543
333.585 25.5813
314.03 25.0455
313.203 24.6066
312.897 23.7225
313.642 22.3715
312.072 22.7449
311.014 22.5971
310.281 22.9814
309.686 24.0725
309.206 22.4381
308.394 22.74
307.913 23.0475
307.389 23.3079
307.342 22.3277
306.322 22.3102
305.827 23.5316
305.686 24.5816
92.6784 25.3575
92.9124 22.2806
93.2219 19.2911
93.4432 17.3442
94.4462 16.4568
92.7469 16.6689
96.7961 16.5349
98.6973 16.8054
83.9795 25.8722
83.966 24.4801
56.5629 26.6515
293.105 27.0265
286.155 27.2265
338.436 25.6887
337.577 24.0048
336.697 24.727
335.628 23.7392
334.358 23.672
334.271 25.2029
332.887 23.3078
331.938 24.6144
331.357 25.8399
330.905 24.2476
330.088 23.1694
329.063 24.0278
327.756 23.5387
326.387 24.8247
325.488 22.9765
324.594 24.6002
343.497 26.5089
343.301 25.4635
342.263 25.2249
341.722 26.5207
342.651 23.9705
341.314 23.9528
340.191 23.9219
339.658 25.2436
298.861 27.4159
290.377 27.4543
303.794 27.6826
410.237 27.7354
410.608 27.4674
273.189 26.9724
414.948 27.846
347.817 27.2628
347.994 25.1991
346.97 24.0419
346.246 26.1847
302.202 28.0765
299.909 27.865
362.358 26.9399
362.684 25.1219
363.638 24.8996
364.018 26.5378
394.082 28.3416
407.657 28.5015
408.081 27.8817
358.505 28.8265
356.149 27.9329
356.196 25.46
355.045 24.7879
354.474 26.8978
390.288 28.2245
363.505 29.0265
355.333 28.9527
360.466 28.8613
361.022 27.4241
360.341 25.6752
359.999 24.4759
359.341 26.3458
359.044 27.0966
358.02 26.2062
357.134 27.2319
393.68 29.2515
392.038 29.1426
327.712 29.2312
324.531 29.1884
321.562 29.1648
319.657 28.7997
318.035 28.6012
316.303 28.581
314.323 28.4677
311.369 28.4422
245.221 28.925
245.759 29.1956
245.064 28.1557
245.312 27.1337
245.577 26.5572
246.337 26.1659
244.989 25.3866
246.289 24.7227
330.955 29.5265
333.505 29.6265
366.602 29.4823
366.927 27.1762
365.837 25.1777
365.118 27.0092
399.058 29.3668
236.238 27.949
236.473 25.2414
234.756 24.2812
231.477 24.0796
338.241 30.0199
397.067 30.4349
396.759 29.889
396.44 29.0934
396.632 28.3857
396.269 27.901
395.313 27.3654
396.172 27.3074
397.137 26.8583
384.155 30.4061
-21.6799 30.546
-22.7371 30.197
-23.6641 29.7123
-24.1304 28.6457
48.7661 31.1736
238.828 31.0026
239.054 28.7183
238.422 27.2285
237.695 27.3413
49.5931 31.58
399.042 31.4723
83.6756 31.4297
83.7255 28.9546
56.7032 32.1637
268.224 32.2844
268.237 31.4975
268.092 30.78
267.722 29.2423
267.442 26.5237
265.606 26.0184
263.706 26.0175
262.505 25.9073
351.944 31.3119
350.419 30.8378
347.835 30.7151
344.359 30.2903
353.984 30.5869
353.827 29.3841
355.478 30.6653
357.803 30.9179
95.1633 32.4265
379.675 32.6483
392.829 32.9746
388.363 32.7185
396.595 33.2479
398.019 33.0834
275.356 33.0842
275.319 32.4791
275.842 31.6807
275.924 30.7904
276.336 28.9943
276.647 27.0846
278.167 26.9249
280.404 27.0805
400.55 33.5989
273.085 32.8725
273.102 31.8666
273.208 30.0409
273.39 28.5468
-20.0128 33.3388
-20.9354 32.9054
407.805 33.8099
53.2574 33.9065
-22.3805 33.7885
-23.2537 33.0993
-23.8249 32.1208
-24.4428 31.0132
405.236 34.0002
236.049 32.9758
83.6494 33.4172
-20.0721 34.7973
244.631 33.756
244.809 31.5942
267.377 35.894
235.957 36.4315
238.472 36.3603
237.816 34.7904
266.741 38.6309
271.82 39.6705
268.601 39.427
272.616 38.478
272.776 36.9582
364.255 40.5765
83.1962 40.7182
89.3712 39.8036
89.455 37.779
90.2516 37.3513
91.704 37.1545
92.0657 36.0907
92.4761 34.9719
94.0035 34.6894
95.1849 34.0143
92.1345 40.2502
238.194 40.8912
244.294 40.9163
244.374 39.2685
244.451 37.7183
244.558 36.567
272.905 42.4765
238.736 42.7374
273.077 43.2476
241.335 43.0765
241.56 42.2143
242.295 41.9132
243.001 42.3639
85.5151 43.325
238.094 43.5334
244.132 43.7054
371.408 44.0731
372.159 43.6599
371.818 41.8209
371.248 42.2974
92.0252 42.6558
91.3776 44.1466
91.684 43.7384
244.01 44.901
376.886 45.0657
376.044 43.5479
376.876 41.6602
377.289 42.3926
274.173 47.1544
383.714 46.7897
366.355 50.0265
368.484 50.6199
243.444 52.063
244.019 51.3152
381.231 41.9058
378.841 53.9316
378.113 52.6258
378.274 49.7797
378.897 47.6458
378.72 46.8573
379.561 46.3346
378.605 45.7779
378.812 44.3216
378.672 43.2943
379.002 42.0833
379.428 41.3111
379.866 40.207
383.121 41.7393
383.901 41.1006
383.395 42.4457
383.888 43.1954
384.24 40.5243
384.313 39.93
384.091 39.331
383.558 38.7054
383.867 38.0475
384.294 36.1236
383.093 37.9783
382.474 37.6984
383.907 34.5781
383.329 33.8662
383.895 32.8963
385.257 32.3928
378.978 56.4362
236.434 57.9631
236.996 58.964
378.778 59.8271
378.605 59.0305
366.366 60.0456
376.404 60.5993
375.652 60.3988
383.531 61.2286
379.786 62.3891
379.899 61.1964
378.675 63.819
378.104 63.298
375.845 64.1681
375.658 63.353
375.534 62.4937
376.339 62.4543
370.466 64.6516
371.26 61.983
370.859 61.3257
370.388 60.5329
382.763 59.077
382.957 56.5931
383.445 54.6199
381.795 53.5202
378.182 68.6054
377.883 68.0701
378.415 67.1071
379.553 67.8685
380.679 68.2626
382.611 68.0812
384.007 67.9815
384.742 68.2203
380.321 66.9429
381.467 66.8722
382.704 66.7937
383.035 66.0779
383.109 65.3637
382.725 64.6605
382.483 63.7036
382.665 61.5937
382.945 69.9961
380.458 70.3257
369.967 71.1648
370.704 70.0695
370.243 68.9109
370.13 68.1183
382.04 70.6386
381.412 71.826
382.005 71.2465
379.215 76.5576
379.398 75.6886
379.325 74.4273
379.712 73.3242
379.794 77.4826
374.943 77.5732
374.207 76.0119
375.201 74.3726
374.652 73.3459
375.315 73.4623
368.448 89.1203
380.955 99.9765
391.865 100.172
343.655 100.227
345.196 100.2
349.281 100.382
355.141 100.898
352.735 100.777
357.693 101.037
364.716 101.469
361.982 101.262
366.253 98.602
366.483 93.2914
366.685 89.1124
366.766 85.7213
366.938 81.6301
367.214 76.2765
367.861 73.7149
367.454 72.7363
367.768 71.839
368.171 70.4267
368.302 68.6986
368.294 66.374
368.418 63.3844
368.195 61.0965
368.4 59.8342
367.785 59.1596
366.776 58.1564
366.952 54.6063
367.13 50.4956
367.898 48.9419
368.918 47.2892
369.112 44.3401
369.106 42.458
369.315 40.3841
369.539 36.551
370.045 33.8395
370.169 32.4682
368.007 31.6001
364.613 31.519
361.99 31.2765
360.005 102.627
358.805 102.627
396.04 103.105
394.167 103.014
391.493 102.836
388.722 102.622
386.465 102.547
383.07 102.344
379.698 102.119
376.928 101.873
376.203 99.8004
376.366 96.0446
376.349 94.1799
376.58 91.8236
376.8 89.433
377.023 88.1204
376.75 86.334
376.831 83.7739
377.065 81.7183
377.555 80.1732
377.262 79.5759
377.337 77.9547
378.439 79.664
379.305 79.6967
379.699 78.973
380.133 78.6798
377.492 76.4719
377.482 75.0084
377.541 73.5382
377.585 71.9934
377.682 70.5835
378.224 69.7694
379 69.5515
379.699 69.5361
398.505 103.177
340.671 103.396
343.558 103.484
399.568 103.514
346.845 103.519
348.292 102.343
376.929 103.741
391.505 103.977
404.97 104.148
360.452 104.448
358.461 104.34
362.431 103.767
361.817 102.742
389.463 105.854
388.124 104.526
401.876 106.695
400.973 105.72
329.821 107.098
327.65 108.355
354.581 109.106
354.715 108.24
354.043 107.708
352.132 107.513
363.823 109.802
359.2 109.906
361.103 109.362
361.031 108.432
358.984 108.131
331.64 109.807
394.167 110.085
398.248 110.536
376.861 110.837
351.724 110.931
382.452 111.015
380.854 110.557
380.517 109.598
383.115 109.342
354.584 111.174
391.979 111.641
391.72 110.475
393.305 111.827
394.705 111.927
408.214 112.167
408.52 111.119
380.092 112.557
377.425 112.537
408.705 113.177
377.869 115.157
377.954 114.421
390.201 115.744
390.417 114.403
390.624 113.341
393.964 113.422
372.942 117.821
372.521 116.981
372.5 115.264
373.429 114.221
375.104 121.265
374.9 120.186
375.106 118.877
375.16 117.344
372.706 124.769
371.879 124.064
372.116 122.01
372.873 120.748
375.861 127.977
374.882 127.141
374.901 125.319
374.981 123.724
376.352 131.012
376.783 130.743
377.473 130.328
378.056 130.106
378.279 133.741
375.538 133.512
379.35 132.186
379.563 129.726
379.615 126.575
379.509 123.785
379.544 122.546
379.277 120.785
379.847 119.316
380.034 117.184
380.035 116.141
380.275 115.279
383.035 117.268
386.609 117.201
387.411 116.656
388.673 116.459
351.817 137.358
349.773 137.551
343.752 137.543
362.984 137.786
363.397 136.489
359.355 137.749
356.336 137.846
363.645 134.432
363.812 132.629
364.378 131.14
364.656 129.145
364.651 127.074
364.893 123.571
365.155 118.74
365.45 114.761
365.259 113.083
364.533 112.168
362.561 111.49
359.193 111.274
375.865 139.305
348.697 139.8
349.455 140.127
351.055 140.227
352.455 140.327
356.755 140.589
375.705 147.027
376.883 147.121
373.94 147.012
373.678 145.494
373.943 142.342
374.156 140.094
374.465 138.732
374.595 137.324
375.123 136.779
376.511 136.888
378.436 147.451
375.468 148.351
378.892 148.664
366.491 149.87
367.024 147.999
366.367 146.854
366.118 146.208
374.583 153.952
374.619 155.163
365.859 155.464
366.004 154.789
366.563 152.923
366.141 151.772
362.976 156.082
362.454 155.295
363.14 154.997
362.957 154.396
362.703 150.4
361.773 156.224
361.067 155.883
356.825 156.084
351.276 155.806
361.271 154.16
361.633 152.247
362.654 152.14
363.04 151.52
361.907 150.456
361.661 149.142
362.381 148.376
362.766 147.817
361.602 147.411
362.5 146.661
362.18 146.164
361.808 144.575
362.042 142.162
362.558 143.073
362.703 141.382
363.021 142.223
361.893 140.837
361.155 140.314
348.5 156.24
344.605 157.277
347.779 158.161
349.021 158.401
353.75 158.78
351.855 158.546
356.439 158.941
376.305 161.19
377.848 160.769
378.415 161.778
375.114 163.246
375.342 162.702
375.734 164.128
370.866 164.778
371.217 163.975
370.138 163.163
370.559 160.927
373.663 164.319
374.79 164.81
372.897 161.685
372.949 159.548
373.847 158.602
374.39 159.613
375.103 160.08
375.761 159.908
373.286 157.89
372.472 157.101
372.257 156.163
372.028 155.253
372.399 154.485
373.112 153.241
373.331 150.713
373.751 148.584
361.952 165.084
361.437 164.268
381.005 165.527
378.707 165.33
359.542 165.764
365.674 163.47
365.084 163.535
365.136 165.798
365.999 164.23
365.716 162.267
365.324 161.59
362.055 166.227
382.645 166.362
375.901 166.415
389.945 168.986
384.718 168.729
387.475 168.893
381.641 168.508
380.01 167.952
378.268 168.153
375.864 168.026
374.418 167.724
373.243 167.753
393.055 169.127
361.085 169.811
394.7 169.922
394.281 169.544
395.475 170.157
396.935 170.497
359.892 170.375
384.344 171.481
402.123 172.024
376.669 174.32
376.683 172.645
378.539 171.209
380.762 171.257
373.563 175.048
372.312 174.729
377.724 175.351
373.268 178.009
372.919 177.481
376.918 178.397
378.359 176.964
306.505 179.027
354.772 179.406
354.774 180.993
302.932 180.876
351.665 181.824
353.775 179.437
344.074 181.682
340.89 181.238
337.13 180.916
353.799 182.254
352.651 182.119
353.319 181.417
353.501 180.286
349.245 182.128
346.316 181.939
356.031 182.519
357.368 182.477
358.152 182.412
357.066 181.765
359.871 182.391
360.701 182.123
361.489 181.675
361.886 180.743
357.509 181.328
357.56 180.791
357.329 179.922
357.876 179.827
356.516 180.038
355.661 179.898
355.466 180.342
356.019 180.881
362.152 178.446
362.293 175.94
362.493 173.239
362.596 171.045
362.216 170.274
362.085 169.631
362.625 169.031
362.907 167.849
363.113 166.476
363.244 163.965
363.358 161.981
363.348 161.047
363.425 159.975
362.386 159.312
361.396 159.159
359.766 158.962
369.548 182.231
369.589 181.334
369.228 180.528
369.745 178.857
373.858 182.496
372.917 182.237
372.056 180.839
372.487 179.537
333.538 183.677
336.051 183.695
337.102 182.98
337.03 182.113
382.884 183.956
379.757 184.279
379.234 183.457
379.574 182.678
378.45 182.272
381.29 184.672
356.398 184.884
357.425 184.198
354.001 184.713
353.23 184.413
378.534 185.316
380.167 185.504
382.405 185.627
392.701 185.577
387.355 185.977
338.567 186.014
336.156 185.884
336.84 186.057
331.475 186.869
320.806 186.598
332.441 187.927
333.99 187.833
333.291 188.121
333.48 187.129
332.653 187.208
367.505 188.527
323.52 189.532
348.864 190.033
331.195 189.653
338.205 190.203
353.283 190.255
345.644 190.709
368.383 190.319
368.451 188.65
368.853 188.014
369.253 187.439
358.055 191.437
351.486 191.154
350.102 191.598
350.484 190.622
371.364 191.687
371.625 188.352
372.174 185.425
375.28 185.229
358.597 192.247
360.029 192.027
353.403 192.201
319.022 192.405
317.656 192.127
372.253 194.745
375.82 194.896
375.865 194.159
340.104 195.305
338.609 193.763
335.659 193.653
332.498 193.548
328.87 193.328
326.127 193.009
324.289 192.789
322.856 192.432
368.062 195.151
368.889 193.121
339.767 197.714
361.272 197.223
360.908 195.709
359.939 195.112
357.487 194.811
354.261 194.884
351.375 194.494
347.002 194.245
343.705 194.028
352.175 198.757
370.813 199.073
371.61 202.329
376.923 206.091
362.409 212.076
363.552 211.492
361.913 212.159
361.324 211.2
360.881 209.129
360.924 206.675
361.021 203.12
360.962 200.851
364.146 212.839
368.179 211.491
369.227 209.954
370.912 210.843
370.909 207.133
372.521 206.475
373.707 205.756
368.013 215.163
361.17 215.165
368.001 217.615
361.005 219.527
363.802 221.609
361.47 225.666
368.744 225.972
364.774 227.687
364.364 226.823
368.728 228.412
