-21.0141 -236.519
-20.5589 -236.771
-20.0723 -236.964
-19.7252 -236.881
-14.9933 -236.26
-15.4075 -236.534
-15.9785 -236.806
-16.4995 -237.078
-17.1452 -237.347
-17.7143 -237.608
-18.2836 -237.818
-18.8706 -238.035
-19.0769 -235.994
-13.5749 -235.69
-13.9713 -235.867
-21.1025 -234.837
-20.9114 -235.278
-17.8613 -234.423
-18.1954 -234.559
-17.5282 -234.66
-17.2693 -234.881
-19.6436 -234.383
-19.4081 -234.727
-19.9637 -234.599
-20.2613 -234.542
-15.2342 -234.177
-15.6784 -234.326
-10.7499 -232.943
-10.3753 -232.84
-19.447 -232.681
-19.0544 -232.951
-20.6792 -232.724
-20.3346 -232.805
-20.2658 -233.349
-20.5023 -233.573
-17.0374 -232.647
-16.6435 -232.666
-13.7803 -232.077
-13.5499 -232.524
-13.9376 -232.669
-14.2719 -233.026
-11.9527 -231.18
-11.4238 -231.29
-12.1552 -231.537
-12.4346 -231.916
-12.9736 -231.79
-12.5828 -232.385
-12.3234 -232.853
-11.9286 -232.942
-5.02045 -230.229
-4.9659 -230.875
-4.4147 -231.207
-3.97787 -230.987
-3.62664 -230.793
-3.28514 -230.68
-2.94928 -230.507
-5.30624 -230.673
-5.65867 -230.541
-5.19805 -231.443
-5.60468 -231.68
-5.98451 -231.889
-6.34175 -232.101
-6.77313 -232.271
-7.19372 -232.51
-7.59654 -232.708
-8.01739 -232.939
-8.34666 -233.143
-8.73601 -233.303
-9.13801 -233.502
-9.53714 -233.624
-9.93195 -233.667
-10.1688 -233.909
-10.599 -234.152
-11.0547 -234.451
-11.5269 -234.679
-11.9709 -234.929
-12.4534 -235.146
-12.9118 -235.292
-13.2656 -234.925
-13.7376 -235.02
-11.6173 -230.056
-11.6541 -230.346
-12.0851 -230.246
-12.307 -230.227
-13.3427 -230.324
-13.0691 -230.698
-13.7604 -230.399
-14.0853 -230.685
-14.7287 -230.541
-15.3653 -230.49
-15.7691 -230.758
-15.8903 -231.159
-26.3351 -229.084
-3.22596 -228.543
-3.06717 -228.69
-29.9695 -228.132
-29.8931 -228.618
-29.4401 -228.662
-29.1705 -229.187
-29.8193 -229.505
-29.606 -230.022
-29.3343 -230.403
-29.0638 -230.906
-4.1496 -228.067
-3.93193 -228.333
-4.25667 -228.713
-4.61257 -228.949
-5.42687 -227.503
-5.7425 -228.149
-6.30639 -228.341
-7.04271 -228.546
-6.55468 -229.443
-7.83416 -228.933
-8.34102 -228.477
-8.34297 -229.619
-8.8434 -229.016
-9.02404 -230.35
-9.66031 -229.807
-10.2188 -229.688
-10.1277 -229.349
-9.41165 -231.171
-9.4607 -231.678
-10.2525 -231.039
-10.5304 -231.028
-3.91797 -226.485
-3.37722 -226.785
-4.00143 -226.91
-3.92845 -227.26
-3.05553 -226.955
-2.79549 -227.197
-2.5971 -227.5
-2.45146 -227.911
-3.94407 -227.505
-4.72024 -227.674
-3.92787 -227.7
-4.86579 -228.063
-5.28235 -228.251
-24.4764 -225.484
-23.9284 -225.252
-25.1385 -225.648
-25.4332 -225.649
-24.5684 -225.871
-24.7975 -226.476
-25.4223 -226.85
-25.673 -226.66
-24.0316 -226.922
-23.661 -227.632
-23.3616 -226.439
-23.4608 -226.045
-23.1121 -227.754
-23.2753 -228.473
-23.2848 -229.181
-22.7345 -229.089
-23.3559 -229.976
-23.7325 -230.215
-22.9837 -230.593
-22.9692 -230.993
-22.3532 -230.71
-21.5025 -231.044
-21.841 -231.491
-22.0728 -231.598
-20.6924 -230.809
-20.5078 -231.566
-19.8121 -230.413
-19.2953 -229.863
-19.4267 -231.135
-18.7878 -230.464
-19.05 -231.652
-18.5668 -231.347
2.37834 -224.243
2.04734 -225.041
2.47631 -225.496
2.80604 -225.531
1.55825 -224.717
1.06779 -225.034
0.392802 -224.927
0.522834 -224.424
-0.420336 -225.344
-0.149972 -225.801
-0.963038 -225.765
-1.42115 -225.856
-2.02319 -226.147
-2.41701 -225.843
-2.05504 -226.503
-2.31261 -226.868
3.8375 -223.893
3.96585 -224.109
3.54233 -224.273
3.13185 -224.204
-31.496 -224.055
-31.2637 -224.79
-31.0639 -225.411
-30.8681 -226.066
-30.5016 -226.555
-29.9292 -226.654
-29.619 -227.153
-29.3447 -227.575
-9.91873 -223.451
-9.9125 -223.698
13.6888 -222.768
13.3228 -223.066
13.0045 -223.228
-24.8958 -222.719
-25.2134 -223.533
-25.62 -223.598
-25.578 -222.871
-26.2536 -224.186
-26.4451 -223.673
-26.7936 -224.646
-27.2147 -225.132
15.9756 -221.787
-10.23 -221.912
-10.5628 -222.189
12.1983 -221.316
12.4958 -221.523
13.8077 -220.908
13.697 -221.263
13.5351 -221.593
13.3464 -221.856
-14.8975 -220.347
-19.7371 -220.034
-19.8132 -220.32
-13.1052 -219.457
-10.2106 -218.568
-10.2599 -218.731
-10.0358 -218.987
-10.1421 -219.313
-4.87063 -218.488
-4.50467 -218.838
-4.31677 -218.589
-0.112297 -218.123
0.0204505 -218.784
-0.558724 -218.859
-0.954969 -218.986
-13.7769 -217.622
-13.523 -217.779
-32.9268 -217.128
18.8721 -216.746
18.5461 -217.043
18.7139 -217.636
19.1244 -217.692
19.0848 -218.708
19.7147 -218.899
18.3357 -218.936
17.6585 -218.351
20.5166 -218.516
20.9215 -219.322
21.5672 -218.522
21.3251 -217.81
22.5366 -218.311
22.3283 -217.802
23.2138 -217.949
23.4891 -217.579
17.4246 -219.34
17.8516 -220.124
17.7589 -220.523
18.4388 -220.429
16.5033 -218.995
16.1258 -217.859
16.4539 -217.482
16.949 -217.645
16.1733 -219.553
15.8934 -218.847
15.6427 -220.211
15.6566 -220.853
15.2088 -219.75
14.8259 -219.246
14.1338 -218.793
14.7801 -218.236
13.1658 -219.328
13.4982 -220.275
12.4945 -219.786
11.7088 -219.59
11.2978 -220.25
11.8017 -220.561
10.7832 -220.668
10.5411 -221.006
10.236 -221.468
10.5123 -221.895
10.1843 -222.215
9.91233 -222.691
8.7375 -222.524
8.32294 -221.497
7.75048 -222.383
7.46222 -222.778
6.9647 -222.786
6.31742 -222.893
5.61961 -223.394
5.34821 -222.475
5.24762 -224.059
5.08594 -224.569
4.56996 -224.756
4.10231 -225.256
3.6768 -225.548
3.8183 -226.294
3.97447 -226.756
3.35327 -226.948
2.94466 -227.303
2.56258 -227.423
8.73128 -223.315
8.62412 -223.562
-5.83256 -216.496
-5.67962 -216.758
-5.87094 -217.021
-6.06435 -217.221
-34.3918 -216.073
-34.1971 -216.435
-10.1181 -215.818
21.9134 -215.418
21.7133 -215.778
21.5611 -216.082
21.5141 -216.362
-9.33688 -214.63
-12.7375 -214.384
-12.8766 -214.663
-12.8566 -215.085
-13.0633 -215.538
-12.6227 -215.971
-12.011 -215.93
-11.5096 -215.976
-11.5513 -216.39
-10.1634 -213.923
-10.288 -214.106
-6.01774 -213.824
-5.53452 -214.035
-5.3421 -214.487
-5.12235 -214.872
-11.6786 -213.695
-15.1907 -213.564
-30.6968 -213.686
-30.626 -214.12
-29.9166 -214.322
-29.9062 -213.811
-29.2347 -214.536
-28.8093 -214.807
-28.4473 -215.155
-28.5769 -215.647
-28.239 -215.853
-28.1567 -216.341
-28.588 -216.946
-28.1768 -217.27
-29.2258 -217.241
-29.3591 -217.722
-29.3107 -218.366
-29.8516 -217.999
-28.9081 -218.656
-28.437 -218.415
-28.1507 -218.686
-27.7816 -218.871
-27.2316 -219.189
-27.0504 -218.816
-26.6817 -219.574
-26.4071 -219.952
-26.3017 -220.344
-25.8523 -220.394
-25.7849 -220.82
-26.0292 -221.158
-25.5539 -221.525
-25.1387 -221.744
-25.8923 -222.043
-25.9841 -222.417
-6.56365 -212.551
-6.74648 -213.111
27.5583 -212.736
26.984 -212.692
28.1976 -212.548
28.6878 -212.71
27.8753 -213.551
27.6291 -214.185
26.9691 -214.542
26.2693 -214.48
25.8019 -214.706
25.1936 -214.888
24.1235 -214.538
24.5106 -213.744
23.8062 -215.527
23.2274 -215.748
22.69 -215.899
22.9606 -216.437
-34.6668 -211.411
-34.6547 -211.976
-34.8999 -212.464
-34.954 -213.004
-8.07264 -211.373
-7.7412 -211.464
-8.05079 -211.832
-8.32327 -212.184
-11.1252 -211.217
-11.1917 -211.72
-16.0558 -210.328
-15.7085 -210.906
-15.2473 -210.767
-15.0913 -211.179
-11.8343 -209.411
-12.3308 -209.307
-11.4069 -209.622
-10.8246 -209.601
-10.4656 -209.997
-9.87268 -210.094
-9.5577 -210.492
-8.97848 -210.565
-23.5354 -208.988
-23.6109 -209.624
-22.837 -209.106
-22.2963 -209.18
-32.1566 -208.246
-31.7887 -208.469
-20.2752 -205.928
-20.0393 -206.234
-19.935 -206.518
31.7133 -214.838
31.4057 -215.03
31.035 -215.25
30.6884 -215.266
30.4508 -215.455
30.1114 -215.675
29.6788 -215.778
29.2656 -216.006
28.8061 -216.201
28.3633 -216.403
28.0186 -216.584
27.6726 -216.628
27.311 -216.619
26.814 -216.986
26.3009 -216.447
60.3041 -202.435
60.5935 -202.695
59.7627 -202.688
59.2952 -202.962
58.9287 -203.039
58.5079 -203.309
58.1478 -203.429
57.8113 -203.633
57.2907 -203.858
56.8567 -203.98
56.5197 -204.241
56.143 -204.347
55.7735 -204.432
55.4231 -204.618
55.0052 -204.77
54.6074 -204.934
54.2276 -205.108
53.7487 -205.326
53.3826 -205.537
52.9597 -205.649
52.5262 -205.826
52.1325 -206.046
51.772 -206.23
51.4476 -206.244
51.2175 -206.516
50.8364 -206.523
50.437 -206.715
50.0397 -206.885
49.6265 -207.027
49.2977 -207.237
48.8943 -207.425
48.4696 -207.549
48.075 -207.67
47.8176 -207.913
47.482 -208.006
47.1714 -208.219
46.7916 -208.335
46.3407 -208.507
45.9489 -208.708
45.5667 -208.832
45.1164 -208.972
44.7494 -209.197
44.371 -209.36
43.8951 -209.516
43.4155 -209.794
43.017 -209.925
42.6486 -210.018
42.3722 -210.237
42.0173 -210.422
41.5907 -210.624
41.2159 -210.719
40.8817 -210.887
40.4962 -211.101
40.1692 -211.273
39.8636 -211.438
39.9272 -211.854
40.0906 -212.248
40.2728 -212.632
40.4604 -213.035
40.2551 -213.39
39.7974 -213.232
40.5504 -213.95
40.4206 -214.412
40.3908 -214.917
39.9923 -215.346
39.5631 -215.632
38.9545 -215.902
38.2453 -215.926
37.7973 -215.621
37.3458 -215.341
37.0357 -214.811
36.8793 -214.398
36.4165 -214.197
36.1823 -213.735
35.8997 -213.292
35.3978 -213.337
34.9231 -213.372
34.4139 -213.683
33.7416 -213.941
33.5656 -213.468
33.6368 -212.743
32.8496 -214.266
32.1697 -214.749
33.6534 -211.724
34.4293 -211.512
33.5228 -210.643
33.5889 -210.364
31.9451 -212.107
31.8051 -210.96
31.3824 -213.618
30.829 -214.122
30.2062 -212.495
29.7504 -212.651
30.8902 -212.859
30.7026 -212.315
51.884 -201.687
51.5805 -201.756
30.9611 -200.662
30.6893 -200.583
61.4217 -194.606
61.5965 -194.749
40.2313 -193.421
-17.9596 -192.641
74.0836 -192.118
74.3624 -192.311
74.5061 -192.767
74.3068 -193.212
73.877 -193.235
73.4776 -193.075
73.3981 -192.774
73.589 -192.459
-17.2717 -191.372
95.0686 -190.609
95.6036 -190.767
93.0389 -189.987
92.3392 -190.091
93.6675 -190.16
94.1724 -190.308
91.8414 -190.25
91.304 -190.498
90.7367 -190.776
90.26 -190.994
89.751 -191.161
89.2251 -191.336
88.6356 -191.559
88.1658 -191.688
87.7289 -191.813
87.3326 -192.097
86.7445 -192.233
86.1398 -192.474
85.7146 -192.691
85.2222 -192.829
84.8045 -193.082
84.2808 -193.265
83.7574 -193.459
83.388 -193.685
82.9079 -193.813
82.4574 -194.068
82.0323 -194.211
81.4844 -194.441
80.9065 -194.642
80.3937 -194.811
79.9812 -195.039
79.4855 -195.201
79.0303 -195.358
78.5547 -195.559
78.0669 -195.732
77.627 -195.964
77.0656 -196.148
76.5174 -196.358
75.9978 -196.529
75.55 -196.787
75.108 -196.911
74.6172 -197.089
74.0818 -197.311
73.6622 -197.555
73.0884 -197.712
72.5328 -197.947
71.9735 -198.194
71.4708 -198.418
70.9401 -198.597
70.3776 -198.837
69.7991 -199.077
69.1552 -199.272
68.6173 -199.537
68.0458 -199.682
67.5353 -199.959
67.0853 -200.159
66.6344 -200.355
66.0842 -200.56
65.4637 -200.711
64.7841 -200.821
64.1237 -200.825
63.5124 -201.108
63.0499 -201.311
62.6526 -201.458
62.1649 -201.677
62.0881 -202.307
-21.1438 -189.988
-21.5325 -190.177
-20.6906 -190.146
-20.246 -190.457
-19.9885 -191.125
-20.1417 -191.809
-19.649 -191.391
-19.3483 -191.584
-20.4815 -192.212
-21.0295 -192.245
-21.5368 -192.181
-22.0579 -192.022
-21.875 -191.589
-22.0172 -191.19
-22.4451 -190.809
-22.3452 -190.338
-11.3319 -189.645
-11.0361 -189.832
-10.634 -189.824
-10.2225 -189.911
-14.4694 -189.522
-14.3582 -189.758
47.9537 -189.092
47.3966 -189.257
46.8383 -189.43
46.556 -189.742
-4.27842 -187.792
-4.72341 -187.799
81.5574 -187.53
51.9248 -187.406
51.363 -187.561
50.7871 -188.004
50.6071 -188.578
49.9533 -187.997
49.4538 -187.725
49.633 -188.67
49.2714 -188.859
-23.485 -186.961
79.1058 -186.63
78.8339 -186.854
79.332 -186.882
79.434 -187.282
2.63292 -186.141
80.3442 -186.021
-4.99042 -185.47
-4.58665 -185.731
78.9337 -185.457
79.2353 -185.698
-23.7974 -185.329
-23.4754 -185.307
1.35432 -184.657
0.942031 -184.895
71.753 -184.585
2.60409 -184.63
2.94278 -184.823
2.59297 -185.445
-5.67008 -184.143
-5.58294 -184.634
1.58751 -183.796
59.6466 -183.729
59.3837 -183.834
8.49604 -183.565
9.66453 -183.182
9.86006 -183.492
9.75679 -183.807
9.27408 -183.861
61.0044 -182.897
60.836 -183.149
60.3768 -183.424
1.69752 -182.203
1.48108 -182.678
1.93773 -182.798
2.29379 -182.634
91.1563 -181.713
3.51929 -181.584
22.0206 -181.085
22.1553 -181.354
86.5009 -181.029
86.2899 -181.532
86.5546 -181.985
87.0113 -181.912
9.23303 -180.614
9.00097 -180.918
9.00239 -181.526
8.69166 -181.85
86.883 -179.073
86.7398 -179.383
86.5733 -179.647
86.576 -179.96
69.5472 -178.399
69.2825 -178.469
71.11 -178.08
29.9021 -177.824
29.6147 -177.644
87.293 -177.637
87.0891 -177.906
72.0176 -177.435
71.6868 -177.497
72.7112 -177.174
72.9949 -177.337
73.2523 -177.567
73.3443 -177.788
87.559 -175.979
86.683 -175.701
86.1392 -175.783
86.7334 -176.233
86.7062 -176.798
85.4935 -175.325
87.8971 -174.584
88.176 -174.875
86.6532 -173.871
86.8608 -174.09
71.2337 -173.593
85.8227 -173.373
84.6485 -173.393
84.186 -173.446
84.957 -173.889
85.5177 -174.039
70.802 -173.002
75.9818 -173.026
75.4795 -173.106
76.5569 -173.382
77.0097 -173.808
60.4772 -189.904
60.0574 -190.154
59.5903 -190.341
59.4609 -190.722
73.5151 -172.635
73.0852 -172.912
72.6581 -173.582
72.0921 -173.732
72.3719 -174.226
71.725 -174.72
72.6514 -174.781
73.2919 -174.984
73.5263 -175.998
74.117 -175.325
74.2417 -176.707
74.8328 -177.075
75.2478 -177.778
75.95 -176.927
74.6577 -178.505
74.1822 -178.948
73.579 -179.36
73.2519 -180.243
72.9257 -179.107
72.7612 -178.537
72.8218 -181.191
73.5405 -181.466
71.7621 -181.965
71.7482 -183.144
70.5421 -181.774
70.3276 -183.808
69.8339 -180.805
69.8569 -180.143
71.0305 -179.75
70.8141 -179.24
70.6946 -178.625
70.4893 -178.246
69.0075 -182.954
68.9987 -182.04
68.5694 -183.802
67.9532 -183.862
67.3494 -184.125
66.6054 -184.383
65.9654 -184.538
65.3726 -184.763
64.584 -184.922
63.8432 -184.729
63.3264 -185.078
63.3481 -185.637
62.2976 -186.544
61.9955 -185.054
63.1532 -187.385
62.9317 -187.969
61.0469 -187.606
60.5603 -185.62
61.0149 -189.5
61.2839 -189.79
61.019 -189.081
61.2727 -187.445
61.0205 -187.625
59.9716 -186.565
59.8452 -187.272
59.3681 -186.012
59.3897 -185.483
58.7023 -186.352
58.493 -186.813
58.4111 -187.071
58.9898 -187.193
61.0043 -188.052
69.9443 -172.314
70.1245 -172.526
70.4244 -172.162
26.9042 -172.137
26.5996 -172.338
26.0868 -172.576
25.5264 -172.819
24.937 -173.143
24.4945 -173.419
23.8576 -173.744
24.0791 -174.341
23.2481 -173.617
22.8398 -173.613
22.3565 -173.541
21.7983 -173.76
21.2533 -173.92
20.3645 -174.024
19.5223 -174.083
18.9523 -174.218
18.3695 -174.357
17.7351 -174.465
17.0892 -174.645
16.5133 -174.82
15.9046 -174.925
15.252 -175.108
14.6724 -175.159
14.0983 -175.254
13.4583 -175.497
12.7579 -175.627
12.2431 -175.793
11.5675 -175.814
10.8926 -176.052
10.3536 -176.042
9.7966 -176.25
9.29096 -176.245
8.52524 -176.505
7.84255 -176.654
7.31496 -176.864
6.79741 -176.921
6.28826 -177.038
5.7298 -177.162
5.02605 -177.336
4.25764 -177.475
3.53882 -177.599
2.75243 -177.809
1.97055 -177.992
1.08065 -178.218
0.488777 -178.314
-0.171275 -178.452
-1.1449 -178.598
-1.82557 -178.881
-2.41526 -178.971
-2.97813 -179.031
-3.52824 -179.186
-4.12756 -179.216
-4.77507 -179.481
-5.40575 -179.602
-5.97743 -179.755
-6.49805 -179.827
-7.1527 -179.94
-7.76455 -180.096
-8.45379 -180.198
-9.2884 -180.479
-10.1015 -180.597
-10.6551 -180.697
-11.262 -180.951
-12.0729 -181.055
-12.9525 -181.201
-13.6483 -181.314
-14.1975 -181.436
-14.765 -181.657
-15.2489 -181.596
-15.7369 -181.827
-16.3123 -181.945
-17.0332 -182.011
-17.6091 -182.163
-18.1432 -182.293
-18.7256 -182.382
-19.3114 -182.542
-19.9273 -182.659
-20.694 -182.844
-21.4439 -183.033
-21.9825 -183.395
-22.2305 -183.967
-22.9354 -183.37
-22.1453 -184.912
-22.2534 -185.424
-23.7657 -183.56
-24.3799 -183.719
-25.073 -183.836
-25.6598 -184.076
-26.3898 -184.9
-27.0485 -184.579
-25.7303 -185.217
-25.1949 -185.412
-24.753 -185.49
-24.2721 -185.999
-24.0629 -186.451
-24.2623 -186.853
-26.5493 -185.945
-26.6766 -186.264
-25.8533 -186.36
-25.2341 -186.358
-25.8074 -187.04
-25.8884 -187.619
-25.2413 -187.732
-24.9398 -188.425
-25.5169 -188.652
-26.0695 -189.082
-26.6022 -189.299
-26.858 -189.801
-27.2314 -190.41
-26.6787 -190.708
-28.2603 -190.32
-28.4789 -189.698
-28.912 -190.467
-29.2501 -190.854
-28.8423 -191.351
-28.6258 -191.884
-28.0894 -192.118
-27.8068 -191.476
-28.018 -192.75
-28.1484 -193.461
-28.2488 -194.137
-28.9707 -193.923
-28.1241 -194.691
-28.3863 -195.049
-28.5295 -195.622
-28.748 -196.307
-28.8493 -197.206
-29.3573 -197.036
-29.2376 -197.817
-29.1317 -198.277
-29.3189 -198.83
-29.4716 -199.244
-29.517 -199.77
-29.5875 -200.343
-29.7218 -200.832
-29.7314 -201.484
-29.9254 -202.24
-29.9786 -203.15
-30.211 -203.903
-30.2494 -204.581
-30.7044 -205.437
-31.601 -206.196
-32.0949 -206.595
-32.3578 -207.132
-30.1958 -206.128
-29.5585 -205.587
-29.906 -206.926
-29.8759 -207.602
-29.7599 -208.483
-30.4765 -208.883
-29.7215 -209.469
-29.9359 -210.238
-29.6598 -210.671
-29.2404 -211.201
-29.6396 -211.618
-29.4271 -212.042
-29.7833 -212.399
-29.3193 -212.734
-30.4968 -212.706
-30.9907 -212.784
-27.1286 -188.404
-27.4352 -188.572
-27.1483 -187.922
-27.4474 -187.794
27.3961 -171.593
73.5464 -170.528
73.6877 -170.84
73.4354 -171.245
72.9783 -171.046
67.7701 -170.373
68.0401 -170.622
67.3659 -170.982
67.2276 -170.669
67.9085 -171.407
68.8777 -171.344
69.1061 -171.755
69.4649 -171.806
67.6812 -171.881
68.1646 -172.265
68.0788 -172.773
68.4581 -173.106
68.7241 -173.552
68.7659 -173.99
68.685 -174.387
68.9699 -174.473
86.3551 -170.083
67.0625 -170.091
19.6526 -170.134
20.0017 -170.427
75.6512 -169.727
19.697 -169.45
75.9247 -168.84
83.612 -169.307
85.2775 -169.526
84.2879 -170.983
85.0915 -171.618
83.1423 -168.8
83.2953 -169.084
84.4856 -169.765
84.9688 -169.704
84.1842 -170.287
83.7364 -170.047
84.086 -171.656
84.5377 -171.688
86.7429 -166.691
35.4468 -166.525
82.7534 -165.978
82.4325 -166.044
73.9916 -165.982
74.1285 -166.339
69.6561 -165.112
69.8008 -165.406
70.1365 -165.498
70.331 -165.201
70.5463 -165.793
70.8833 -166.108
71.1612 -165.952
71.3916 -165.615
71.3135 -166.793
71.4124 -167.227
71.8598 -167.402
72.3269 -167.565
70.008 -164.231
38.2691 -164.146
38.4154 -164.654
38.294 -165.29
38.3673 -165.906
70.5561 -164.122
70.9525 -164.284
71.5376 -164.461
71.9337 -164.776
72.3238 -164.741
72.93 -164.969
73.3916 -164.955
73.7917 -164.604
71.1593 -165.029
81.5066 -161.956
81.2363 -162.056
82.6441 -161.899
82.2432 -162.302
83.4258 -162.088
84.1501 -162.07
70.1909 -161.651
70.6958 -161.888
71.0215 -162.538
71.6585 -162.679
72.2008 -162.751
72.3409 -163.137
72.7682 -163.353
73.3329 -163.273
29.0892 -160.936
81.8681 -160.82
67.5089 -159.422
67.7842 -159.619
68.081 -159.966
68.619 -159.932
69.0797 -160.259
69.4091 -160.605
69.6744 -160.878
69.9333 -161.068
79.7348 -156.806
79.9882 -156.84
80.6851 -154.656
80.2502 -154.894
79.9846 -155.13
79.7439 -155.426
62.4307 -153.731
26.8226 -151.358
27.0844 -151.58
23.4795 -150.397
23.5936 -150.931
23.7088 -151.58
23.8381 -152.222
23.9839 -152.899
24.1752 -153.528
24.2522 -153.989
24.3417 -154.538
24.4582 -155.099
24.5868 -155.676
24.7239 -156.445
24.8718 -157.109
25.0297 -157.768
25.1044 -158.343
25.2705 -158.974
25.4095 -159.516
25.4452 -160.031
25.6833 -160.662
25.7206 -161.321
25.9012 -162.135
26.0643 -162.868
26.1935 -163.426
26.3228 -163.895
26.4421 -164.512
26.5923 -165.296
26.7559 -166.083
26.912 -166.723
27.0819 -167.353
27.1789 -168.017
27.3551 -168.718
27.488 -169.316
27.6131 -170.115
45.1978 -193.274
59.6903 -149.754
59.8663 -150.459
59.1171 -150.323
58.7268 -150.795
58.1175 -150.556
57.4931 -150.901
56.6454 -151.261
56.4424 -150.503
55.7898 -151.812
56.0478 -152.419
54.7805 -151.861
54.8023 -151.101
53.7884 -151.928
53.2948 -151.352
53.0607 -152.391
52.4073 -152.569
51.5084 -152.792
51.2223 -152.273
51.096 -153.569
50.777 -154.204
50.1816 -154.331
49.7166 -154.466
49.2586 -154.849
48.6067 -154.62
48.2052 -155.05
47.6459 -154.807
47.1353 -155.216
46.544 -154.851
45.5269 -154.603
44.9963 -153.969
44.3401 -155.078
43.6841 -154.737
43.1369 -154.9
42.5856 -155.176
42.2501 -155.56
41.752 -155.687
41.2886 -155.991
40.8979 -156.376
40.4879 -156.89
39.7541 -157.105
39.0038 -157.53
39.0673 -158.338
38.7533 -159.037
39.4373 -159.227
38.053 -157.741
37.4037 -157.764
36.9581 -158.065
36.4904 -158.378
38.1823 -159.647
38.2804 -160.384
37.711 -160.902
36.9563 -160.678
36.2565 -161.184
35.9438 -160.54
35.8613 -161.888
36.4351 -162.527
35.9371 -163.133
35.2493 -163.013
36.1402 -164.294
35.4614 -164.536
36.2374 -165.208
35.5592 -165.363
36.8812 -165.206
36.8957 -165.734
60.9077 -151.344
61.6774 -150.707
60.0488 -151.896
59.5654 -151.792
61.6461 -152.019
62.1924 -152.196
63.0055 -152.104
63.3849 -152.582
63.6638 -153.266
63.2327 -153.976
64.166 -153.808
64.3355 -154.357
63.3922 -154.593
63.7158 -155.012
64.0473 -155.455
64.2308 -155.895
65.532 -154.811
66.5379 -154.991
65.8768 -156.031
66.9655 -156.258
65.6648 -157.018
64.4898 -156.684
67.1824 -157.758
67.8083 -157.958
65.6495 -153.904
65.3836 -153.453
65.2081 -152.957
64.9236 -152.351
64.4852 -151.727
64.2035 -151.173
63.6165 -150.893
63.0979 -150.918
65.5349 -157.96
65.7604 -158.628
65.4395 -159.127
65.3022 -159.814
65.6904 -160.469
66.477 -160.534
65.6643 -161.18
65.7259 -161.833
66.4943 -163.275
65.7911 -164.181
67.2706 -162.565
66.8079 -162.102
67.3175 -164.388
68.5103 -163.53
68.6639 -163.195
68.2696 -162.802
67.9724 -164.686
67.299 -165.278
68.9842 -164.686
69.1376 -164.368
67.0884 -166.095
67.0456 -166.94
67.5724 -167.113
67.4481 -167.55
67.7297 -166.155
68.1953 -166.556
68.6754 -166.471
69.0144 -167.171
69.7196 -167.609
70.3109 -167.74
69.721 -168.384
69.3364 -168.546
37.0945 -166.221
36.8845 -166.83
37.3303 -167.685
37.9479 -168.406
36.6888 -168.092
35.9425 -168.115
35.4481 -168.392
35.4771 -168.999
37.0394 -169.057
37.3876 -169.503
36.9685 -170.584
37.64 -170.566
36.0464 -170.212
35.7643 -169.818
35.3189 -170.035
35.0238 -170.416
36.919 -171.907
36.1949 -172.442
35.3983 -172.683
35.1482 -173.02
36.5257 -173.361
36.323 -174.259
35.6988 -174.892
35.3423 -175.206
36.793 -174.76
37.178 -175.529
37.7649 -175.591
37.83 -175.979
36.7673 -176.483
36.1801 -176.812
37.3276 -177.222
37.0606 -177.657
38.0468 -177.79
38.6138 -177.624
38.3489 -178.528
38.0174 -179.02
37.4989 -178.966
37.3708 -179.564
37.4789 -180.229
37.1391 -180.648
38.1203 -180.776
37.8478 -181.4
38.5033 -180.669
38.9388 -181.129
37.4513 -182.108
36.7925 -182.041
37.5935 -182.768
37.453 -183.292
37.5818 -183.787
37.7759 -184.37
37.8406 -184.972
37.7887 -185.489
38.2633 -185.9
38.7096 -186.279
39.1317 -186.968
39.5979 -187.312
38.935 -187.675
38.4463 -187.95
38.131 -188.593
38.3963 -188.939
38.6028 -189.385
38.7295 -190.078
38.7865 -191.07
39.3543 -191.381
38.408 -192.066
37.9343 -192.369
38.7566 -192.863
38.9651 -193.387
39.2663 -193.814
39.5265 -194.239
39.9369 -194.536
40.3926 -194.821
41.2217 -194.842
41.3089 -194.212
42.0609 -195.102
42.8067 -194.856
43.4024 -194.317
43.9522 -193.513
44.4949 -192.93
45.4809 -191.302
45.0496 -192.939
45.8271 -191.791
46.2545 -191.094
46.6725 -190.613
47.0473 -190.499
44.6568 -194.607
45.2425 -194.397
46.0501 -194.294
46.4428 -193.701
46.8412 -194.34
47.6186 -194.103
48.0659 -193.198
47.4659 -192.909
49.3145 -192.744
49.2803 -193.824
49.5892 -191.506
49.3975 -191.156
50.291 -192.583
50.8269 -192.63
51.3184 -192.312
51.3936 -191.768
52.0978 -191.277
52.5773 -191.814
51.3733 -190.685
51.4906 -190.26
52.688 -190.4
52.1983 -189.856
53.1708 -190.153
53.5235 -189.856
54.3052 -189.853
54.5625 -190.701
55.2638 -189.263
54.9762 -188.115
56.1579 -189.415
56.3132 -188.099
56.953 -189.543
57.1473 -188.541
57.7621 -189.475
57.7888 -190.257
58.1954 -190.645
58.7004 -190.774
58.3415 -189.038
58.8742 -189.241
59.4639 -189.141
59.6788 -188.598
44.3717 -193.91
43.8596 -195.331
23.1299 -148.78
23.2331 -149.296
77.5014 -148.48
78.8663 -147.62
79.5323 -147.329
79.7514 -147.704
76.8725 -146.387
77.0848 -146.665
76.5703 -144.625
75.8245 -143.124
24.9885 -142.891
24.6184 -143.132
88.8698 -183.849
89.257 -184.464
87.9999 -183.909
87.4595 -183.766
79.3165 -142.972
79.8636 -143.11
79.3356 -143.613
78.8027 -144.009
78.925 -144.744
78.2533 -145.209
78.669 -145.902
78.6431 -146.556
79.4113 -146.106
79.8299 -146.473
80.3521 -146.694
81.1797 -146.637
81.7126 -147.264
81.0781 -147.821
82.0644 -148.276
81.8356 -148.918
82.546 -149.348
82.9552 -150.526
81.4009 -149.645
80.5007 -149.692
80.0096 -150.133
79.4696 -151.005
79.6798 -149.809
79.2613 -149.753
78.8384 -151.271
78.1921 -151.6
77.7692 -152.053
78.0472 -152.478
78.5047 -153.003
78.1747 -153.077
78.9454 -153.103
79.4485 -153.455
82.832 -151.747
82.8694 -152.553
83.0161 -153.463
83.284 -154.336
83.404 -155.141
83.6174 -155.957
83.2724 -156.604
82.4676 -156.332
83.3808 -157.593
84.2718 -158.459
82.269 -158.015
81.7391 -158.437
84.418 -159.628
85.1178 -160.521
83.5471 -160.312
83.1523 -160.832
85.1427 -161.35
85.8295 -161.872
85.9713 -162.579
85.2469 -162.798
84.764 -163.216
84.8029 -164.028
84.9073 -164.793
84.3228 -165.285
84.7634 -165.525
84.3111 -166.144
85.9268 -165.233
86.4478 -164.916
84.5237 -166.679
84.5455 -167.454
85.2465 -167.247
85.745 -167.273
86.8778 -165.178
87.0856 -165.966
87.4157 -166.408
87.5653 -167.061
87.3237 -167.61
86.4623 -167.231
87.711 -168.066
87.7716 -168.802
87.9548 -169.671
88.2722 -170.379
88.6316 -170.711
88.8879 -171.245
89.0006 -171.956
89.3882 -172.526
89.5072 -173.255
89.3883 -173.912
89.2778 -174.653
89.7368 -175.233
89.8887 -176.208
89.2848 -176.778
90.3949 -176.844
90.4356 -177.649
90.9986 -177.942
91.2978 -178.462
91.5066 -179.159
91.6093 -179.779
91.7856 -180.438
92.0929 -181.152
91.9903 -181.947
91.5974 -182.632
91.6037 -182.926
91.759 -183.351
92.8622 -186.084
93.699 -186.378
94.5628 -186.55
95.1753 -186.591
95.9176 -186.746
96.5883 -187.031
97.1952 -187.218
97.9679 -187.35
98.4349 -187.639
98.9434 -187.938
99.2691 -188.399
99.4013 -189.106
99.242 -190.027
98.8502 -190.691
98.3904 -191.081
97.6587 -191.203
91.0794 -183.512
91.0573 -184.132
89.7894 -182.918
89.2294 -183.283
91.4925 -184.503
91.8416 -184.915
92.3305 -185.455
92.9057 -185.19
89.5454 -182.606
89.9325 -182.053
89.7926 -181.359
90.4873 -181.375
89.885 -180.494
89.2281 -180.45
89.8756 -179.795
89.3244 -179.484
75.4092 -142.149
76.9002 -142.07
78.1926 -140.864
77.7059 -141.327
77.8513 -142.018
78.4579 -142.044
78.5481 -140.011
79.6917 -140.136
79.9434 -140.42
80.2359 -140.741
80.4319 -141.197
80.5399 -141.64
80.7028 -141.912
80.774 -142.378
80.5875 -142.848
75.1836 -138.808
74.5735 -138.021
75.6921 -136.493
75.5584 -136.664
21.469 -135.343
21.0702 -135.555
79.0336 -134.048
78.5591 -134.111
78.3496 -134.411
78.5627 -134.878
78.6671 -135.614
78.9436 -136.328
78.9181 -136.78
78.0995 -135.613
77.375 -135.95
76.8235 -135.745
76.6444 -135.571
77.323 -137.074
76.6301 -137.3
77.9042 -137.247
78.1918 -137.016
76.9783 -137.933
76.7875 -138.318
76.4498 -138.547
76.2762 -138.966
76.7791 -139.667
75.962 -140.044
77.5441 -139.525
77.6666 -139.298
77.9292 -139.088
78.2967 -139.078
79.0758 -138.877
79.3157 -139.161
79.4812 -139.398
80.8503 -133.741
80.6696 -134.027
80.4128 -134.233
81.9621 -133.547
81.428 -133.402
81.5967 -133.556
74.4233 -132.426
74.7703 -132.554
74.7791 -131.142
74.9055 -131.346
74.1436 -131.21
82.0753 -130.808
82.4186 -131.221
82.6749 -131.725
82.6767 -132.374
72.3341 -130.431
80.5474 -130.326
80.6745 -130.699
73.4956 -129.988
73.4043 -130.277
16.946 -126.368
17.3854 -126.5
71.6339 -125.397
71.8366 -125.46
72.7259 -125.025
72.5005 -126.568
72.3845 -127.075
72.1079 -126.555
71.7137 -126.796
75.7989 -123.536
75.8783 -124.041
76.0154 -124.757
76.1054 -125.473
76.1684 -126.204
76.3094 -126.968
76.11 -128.571
77.0442 -128.153
76.3231 -129.853
76.7024 -130.537
76.0544 -130.847
76.4872 -131.214
77.391 -130.996
78.149 -131.056
78.9197 -130.911
79.3874 -130.887
75.2508 -128.213
75.1917 -127.212
74.9644 -129.161
74.796 -128.781
74.7854 -127.645
74.3118 -127.829
73.8061 -127.859
73.8767 -127.339
73.464 -128.004
73.2377 -127.465
73.1436 -126.985
72.9846 -126.676
73.316 -128.643
73.1812 -128.88
72.8328 -128.833
72.5415 -128.903
70.7372 -120.57
75.0835 -120.388
75.2692 -121.293
75.4885 -122.275
74.3258 -121.335
73.3802 -121.556
72.7674 -121.428
72.3553 -121.616
71.2027 -122.046
71.1933 -122.605
70.8455 -123.448
71.547 -123.656
72.2691 -123.742
72.9532 -124.118
73.1219 -123.603
74.8019 -119.933
74.5752 -119.842
71.9604 -121.854
20.5678 -118.621
72.3341 -118.355
72.3929 -118.744
72.5969 -119.318
72.9252 -119.741
73.5791 -119.644
73.7787 -119.986
73.9816 -119.376
71.3799 -117.068
71.1667 -117.277
70.9025 -117.724
71.5092 -118.045
70.1632 -117.792
69.5828 -117.54
69.1461 -117.487
68.9495 -117.307
70.0529 -118.232
70.1099 -118.792
69.5152 -118.399
69.2024 -118.388
70.7063 -119.172
70.8736 -118.683
70.8691 -119.741
71.1715 -119.885
72.5413 -115.939
72.3661 -116.389
72.1824 -116.827
72.004 -117.257
72.6704 -114.861
73.0251 -115.056
73.3082 -115.377
73.4031 -115.809
7.66179 -113.931
7.76794 -114.425
8.01875 -114.928
8.24929 -115.369
8.44783 -115.875
8.681 -116.458
8.95932 -117.081
9.20396 -117.668
9.48506 -118.231
9.75416 -118.725
9.94446 -119.236
10.169 -119.786
10.4399 -120.216
10.6076 -120.692
10.8607 -121.264
11.0785 -121.768
11.2576 -122.229
11.5056 -122.897
11.7164 -123.527
11.9744 -124.052
12.1639 -124.578
12.3779 -125.144
12.6144 -125.706
12.8543 -126.29
12.9657 -126.823
13.2309 -127.277
13.4034 -127.798
13.5811 -128.353
13.801 -128.881
14.0535 -129.399
14.348 -129.871
14.5901 -130.391
14.8392 -130.873
15.0572 -131.333
15.2731 -131.801
15.569 -132.235
15.8259 -132.734
16.0906 -133.344
16.4426 -133.935
16.6537 -134.442
16.8687 -135.079
17.2371 -135.563
17.458 -136.012
17.4467 -136.441
17.8457 -137.005
18.136 -137.554
18.3444 -137.971
18.606 -138.384
18.8514 -138.916
19.0939 -139.453
19.3347 -139.94
19.7022 -140.447
19.9547 -141.114
20.185 -141.582
20.4903 -142.142
20.6737 -142.716
20.9583 -143.267
21.2088 -143.807
21.5257 -144.377
21.7821 -144.946
22.0745 -145.318
22.3099 -145.938
22.568 -146.46
22.6652 -146.793
66.713 -111.553
66.9986 -111.825
67.5794 -111.878
68.0231 -112.022
68.7348 -112.375
69.3155 -112.934
69.1249 -111.869
69.4964 -111.916
69.3238 -113.418
68.9695 -113.764
68.8301 -114.368
68.7214 -115.234
69.2292 -115.773
69.1372 -116.645
69.7855 -115.985
70.1568 -116.141
68.0964 -110.656
24.791 -108.791
24.6161 -109.126
24.147 -109.361
23.8936 -109.451
24.693 -109.417
24.8283 -109.704
25.1706 -109.754
25.5806 -109.66
28.5159 -108.642
28.5792 -109.07
28.3569 -109.643
28.5074 -109.991
67.5578 -106.807
26.766 -106.681
27.0511 -106.919
27.3416 -107.155
27.3044 -107.545
27.7206 -107.682
27.729 -108.042
28.2797 -107.723
29.0504 -107.787
29.7 -107.709
30.1329 -107.662
30.5725 -107.49
31.098 -107.335
31.4892 -107.331
31.8646 -107.201
32.1376 -107.638
32.2817 -108.03
54.2043 -106.683
54.0491 -107.006
53.8187 -107.346
53.6469 -107.593
66.1925 -104.656
65.8834 -104.904
65.7017 -105.407
65.7282 -106.102
65.809 -106.817
65.7721 -107.424
65.4987 -108.123
65.9399 -108.317
66.2381 -107.402
66.702 -107.479
67.0007 -107.789
67.1778 -108.265
67.5893 -107.378
67.9463 -107.567
67.8973 -108.001
68.2536 -108.295
41.7853 -104.617
66.7524 -104.446
44.9113 -103.02
51.7267 -102.581
51.7309 -102.904
39.9339 -101.344
39.8889 -101.533
39.8056 -101.939
39.1328 -102.539
40.4643 -101.937
40.8792 -101.865
41.2853 -101.903
41.6035 -101.607
39.3204 -103.208
39.7244 -103.297
39.8821 -103.784
40.5004 -104.004
39.4976 -104.255
39.3722 -104.715
39.2431 -105.111
38.1981 -102.688
37.4788 -103.147
37.0036 -102.595
36.5971 -102.713
36.9683 -103.772
36.6336 -104.141
36.395 -104.561
36.2076 -104.986
35.904 -105.205
35.6248 -105.59
35.2958 -105.822
34.9168 -106.07
34.4725 -106.253
34.1044 -106.326
33.708 -106.478
33.3192 -106.6
68.9563 -100.058
68.7219 -100.387
68.8446 -100.922
69.391 -101.047
69.3276 -101.787
69.1398 -102.468
69.4792 -103.203
70.4192 -103.282
68.9801 -103.514
69.8532 -103.819
68.346 -103.931
68.5761 -104.381
70.0696 -104.316
69.8938 -104.772
69.4589 -104.985
69.2473 -105.622
69.8361 -105.973
69.3426 -106.409
70.4015 -106.394
70.9648 -106.482
71.2186 -107.162
71.2681 -107.733
71.4442 -108.332
71.1058 -108.959
71.2907 -110.004
71.9756 -110.231
71.0212 -110.777
70.8595 -111.25
71.0164 -111.989
71.629 -112.143
71.0767 -112.667
71.2178 -113.167
67.0468 -99.6266
69.0057 -99.1271
69.1136 -99.4178
44.9907 -99.2397
45.1369 -99.6429
45.0285 -100.265
45.1978 -101.11
44.7835 -101.611
44.3908 -101.843
43.9251 -101.997
43.6888 -102.446
42.9389 -102.449
42.7519 -103.243
42.1691 -103.439
42.1558 -103.997
43.7071 -104.33
43.1175 -104.751
44.2908 -104.097
44.447 -103.708
45.8156 -101.565
46.2449 -101.729
46.5003 -101.876
46.951 -101.862
47.1621 -102.18
46.845 -102.605
47.184 -102.827
47.7133 -102.483
47.4537 -103.594
47.3283 -104.374
48.8362 -103.571
48.9537 -104.074
46.4978 -103.631
46.0707 -103.965
45.5032 -104.062
45.5508 -104.481
49.0002 -102.697
49.6182 -102.496
48.7223 -101.881
48.238 -101.547
48.2538 -101.144
47.6271 -101.36
48.9921 -101.046
49.4778 -100.974
49.9887 -101.047
49.9343 -101.583
50.8752 -100.587
50.7261 -100.087
52.1419 -100.833
51.68 -101.492
52.8975 -100.158
52.9944 -99.8489
53.2574 -101.014
53.1995 -101.845
53.0965 -102.678
53.213 -102.96
54.0231 -101.815
54.504 -101.679
54.9394 -101.916
55.4376 -101.697
56.0104 -101.692
56.4214 -101.458
56.821 -101.33
57.0024 -101.001
57.095 -100.58
57.3611 -100.235
57.438 -99.7545
57.5827 -99.2807
57.4216 -98.2053
57.2252 -98.4229
60.0392 -96.3069
60.2079 -96.6326
60.34 -97.055
60.6306 -97.3143
60.8361 -98.0932
61.3811 -98.0193
60.2969 -98.1358
59.8105 -98.0798
61.3408 -99.0705
62.0453 -98.7653
61.3729 -99.6052
61.5403 -99.9827
62.2485 -100.11
62.4505 -99.7184
62.9794 -100.31
63.4352 -99.8345
63.1968 -100.932
63.9309 -100.886
64.6612 -101.528
65.0403 -101.254
65.8341 -101.868
66.315 -101.783
66.6826 -101.85
66.7079 -101.559
64.9089 -102.154
65.4946 -102.731
64.2772 -102.314
64.3669 -102.643
65.5836 -103.135
65.7549 -103.457
66.05 -103.497
66.3451 -103.293
60.0386 -95.6823
62.1216 -95.3451
61.9131 -95.4417
60.2206 -94.5561
60.702 -94.9042
61.1472 -94.8798
61.5486 -94.6848
59.4002 -94.8281
59.4886 -95.3145
58.8325 -94.9019
58.3401 -94.9539
44.227 -94.6437
43.895 -95.1815
43.7075 -95.6378
43.415 -95.9557
43.0691 -96.1486
42.6163 -96.0843
42.3519 -96.4761
41.7364 -96.7064
41.4968 -97.6313
40.8751 -97.452
42.3817 -98.2018
41.9331 -98.9597
42.8391 -98.6112
42.5979 -99.2427
43.6133 -97.8805
43.8476 -97.5992
62.822 -93.8985
62.1387 -93.9534
43.1282 -93.5215
43.5883 -93.7208
57.639 -92.2608
40.8865 -91.2859
40.8563 -91.7918
40.2887 -92.6031
39.461 -92.7185
40.6125 -93.5241
41.5914 -93.5956
42.0994 -93.2616
42.1043 -92.6913
42.6175 -90.8205
42.6345 -91.226
54.5308 -90.8581
54.7091 -91.5177
54.8121 -92.2695
55.0872 -92.8889
55.1889 -93.6308
55.3908 -94.2827
55.6204 -94.966
55.4587 -95.563
50.408 -75.5254
49.7861 -75.6372
51.2916 -75.2767
11.1407 -65.6805
11.1329 -66.0361
-8.20864 -49.3952
31.4674 -43.3564
31.6014 -43.7496
31.6841 -44.2777
31.7783 -44.6941
8.29671 -42.8666
8.34181 -43.1459
30.1415 -37.413
30.3283 -37.8867
30.5617 -38.6085
30.6646 -39.2663
30.9077 -40.215
30.664 -41.0037
30.6547 -41.623
29.9412 -41.9302
28.8308 -41.8897
28.4347 -41.2123
27.9724 -42.2124
27.51 -42.5481
26.9472 -42.663
26.3171 -42.8526
25.6045 -43.0018
24.8466 -43.0294
23.9066 -42.9148
23.6961 -42.2488
23.7197 -41.6638
24.1303 -41.2799
23.6754 -43.4421
23.2056 -43.7643
22.6679 -43.8369
22.0761 -43.9537
21.2851 -44.1329
20.5002 -44.3407
19.8805 -44.4989
19.2657 -44.7091
18.692 -44.7519
18.0852 -44.9321
17.4596 -45.2067
16.9409 -45.6818
16.0535 -45.7243
15.5033 -45.4942
16.1958 -46.6338
16.2013 -47.2843
16.3968 -47.8951
16.5509 -48.3882
16.65 -49.0393
16.9305 -49.6203
17.0916 -50.2807
17.2681 -50.8996
17.389 -51.5268
17.56 -52.1528
17.4502 -52.8034
18.1944 -53.1405
19.3756 -52.9727
19.6523 -53.5056
19.8482 -54.3246
20.042 -54.9217
20.3787 -55.3867
20.2901 -56.2401
20.4433 -56.8928
20.6417 -57.5171
20.8848 -58.2256
21.0876 -59.1118
21.2147 -59.9446
21.4549 -60.6761
21.6162 -61.3922
21.8657 -62.178
22.0607 -63.0501
22.199 -63.785
22.3838 -64.4689
22.5502 -65.1165
23.4686 -65.0419
24.4296 -64.8476
25.398 -64.6197
26.1999 -64.618
26.8618 -64.5523
27.3778 -64.3652
28.0246 -64.3463
28.2955 -63.9498
29.0284 -63.957
29.5013 -64.4754
29.5299 -64.931
28.4326 -65.7225
27.7013 -65.9834
27.0561 -66.1774
26.2702 -66.3722
25.436 -66.5677
29.0887 -65.7364
29.7794 -65.8866
30.0924 -66.4318
30.3538 -67.0599
30.445 -67.5633
30.5229 -67.9889
30.4645 -68.4532
30.5703 -68.9934
31.0069 -69.3647
31.1693 -69.9534
31.2961 -70.6125
31.4356 -71.357
31.432 -72.2207
31.9251 -72.9498
32.1632 -73.7849
32.3526 -74.5618
32.5259 -75.387
32.7665 -75.9468
32.6289 -76.5535
32.6802 -77.2042
33.1156 -77.6683
33.2726 -78.2695
33.4885 -78.9812
33.652 -79.6609
33.7969 -80.0891
34.3212 -80.3457
34.2489 -80.7465
34.2042 -81.4349
34.3053 -82.3634
34.5445 -83.0702
34.6347 -84.0448
34.7981 -84.8978
35.0398 -85.4188
35.2579 -86.0264
35.4445 -86.7119
35.6715 -87.4155
35.7347 -88.0061
35.9844 -88.4958
36.1049 -89.1225
36.4583 -89.5624
37.2147 -89.4623
37.9567 -89.2837
38.6201 -89.1786
39.3441 -88.9797
40.0102 -88.9064
40.8063 -88.6491
41.6049 -88.7277
42.1185 -88.9805
26.1002 -27.7141
26.23 -28.1793
16.7622 -3.67861
14.4891 -0.620063
14.6863 -1.32312
15.1684 -2.11101
15.7895 -2.2323
15.1387 -2.72866
15.4026 -3.35062
15.5649 -3.90646
15.7509 -4.46573
16.1846 -4.71628
16.2306 -3.87568
16.4076 -5.32216
16.7448 -5.75297
17.2446 -5.63225
17.7934 -5.63219
18.2142 -5.35479
18.1512 -4.93516
16.0528 0.130721
16.1743 -0.197736
16.1229 -0.482289
15.9887 -0.709382
-3.86216 0.554855
-3.79572 0.230081
10.0137 4.22576
10.2847 3.59861
10.9063 3.66218
11.7653 3.67003
12.3941 3.39303
12.6039 2.50907
13.1903 2.59072
13.6721 2.33363
18.1534 5.24742
18.6278 5.01788
17.3929 5.21992
16.9926 5.01064
18.8366 4.67777
19.044 4.11624
18.596 4.03782
18.5474 3.64512
16.6017 4.92348
16.1576 4.61877
15.3735 4.37637
15.7172 4.03232
14.5735 4.35396
14.0364 4.28784
13.6889 4.16594
19.2259 3.54745
19.3567 3.05243
19.4558 2.28101
19.4859 1.46492
19.4366 0.932647
19.5686 0.62508
18.9907 0.496405
18.6605 0.333188
18.7392 -0.329164
18.9958 -0.784597
19.4543 -0.922223
19.6185 -1.27451
19.855 -1.62792
19.9876 -2.15918
20.1624 -2.62375
20.2587 -3.14135
20.4538 -3.61
20.5895 -4.18227
20.8676 -4.6892
20.6086 -5.13557
20.7532 -5.57186
20.5607 -5.98608
20.4697 -6.64554
20.9935 -7.0085
21.5891 -6.87814
22.2538 -6.87006
22.3975 -7.26784
22.5759 -7.91847
22.667 -8.61031
22.5359 -9.27384
21.9817 -9.27766
21.857 -9.60008
22.9055 -9.53612
23.0974 -10.0723
23.2532 -10.7028
23.3423 -11.4484
22.6552 -12.4079
23.536 -12.4032
21.878 -12.117
21.5859 -12.3476
22.862 -13.3044
23.5584 -13.8213
21.9368 -13.7674
22.222 -14.0235
23.7286 -14.2778
24.0429 -14.6482
23.9134 -15.1371
24.1155 -15.542
24.259 -16.0537
24.3443 -16.6708
24.4949 -17.2156
24.5741 -17.8209
23.7355 -18.6977
22.8453 -18.8165
22.8358 -18.3093
23.1468 -17.9209
23.5096 -19.4231
22.5671 -19.8847
24.7405 -19.1937
25.2449 -19.0587
25.1416 -19.9087
25.529 -20.4319
25.7442 -20.6833
25.9415 -21.0448
26.1113 -21.4454
26.2405 -21.957
26.3722 -22.5534
26.3259 -23.1667
26.4604 -23.6855
25.9822 -24.0491
25.0995 -23.6495
25.7743 -24.8219
24.9461 -24.5171
25.5011 -25.477
26.757 -25.2041
27.1012 -25.4557
27.2611 -25.8304
27.2957 -26.305
27.4122 -26.883
27.715 -27.5126
28.1665 -26.9687
28.573 -26.9561
28.0853 -27.8025
27.9268 -28.4008
27.9101 -28.9077
28.1 -29.3647
28.0617 -29.9644
27.795 -30.3879
27.4543 -30.5344
27.2102 -30.8254
26.7703 -31.261
26.4988 -30.5306
26.391 -32.2686
25.9059 -32.4037
26.7936 -33.0456
26.4666 -33.4439
27.5245 -32.8996
28.1994 -32.7596
28.7533 -32.8654
29.1319 -33.0923
29.3746 -33.5416
29.3394 -34.0847
28.9826 -34.4426
28.8343 -34.8688
28.1929 -35.4053
27.5544 -35.1109
28.3053 -36.1297
28.4745 -36.5499
28.3447 -37.0262
28.3413 -37.7314
9.97759 -72.1421
10.644 -74.0577
10.8822 -75.725
11.2521 -77.3637
9.92551 -111.883
8.39992 -112.362
7.07194 -112.973
5.88315 -113.362
-4.25983 5.24679
-5.98873 4.70965
-8.07724 4.32054
-11.3636 3.41678
-13.0503 3.04617
-14.685 2.61264
-18.5002 1.99022
-19.1592 0.69315
-18.6535 -1.31485
-18.1872 -3.10342
-17.8504 -4.99078
-17.3593 -6.36005
-16.9678 -7.97274
-17.1376 -10.9461
-15.8639 -12.1833
-15.5357 -13.621
-15.2176 -14.972
-14.7449 -16.5783
-14.1629 -18.6944
-13.6955 -20.7414
-12.7827 -24.1036
-12.4337 -25.5441
-11.9116 -27.4076
-11.9616 -29.4006
-11.1758 -30.6833
-10.7379 -32.4528
-10.3034 -33.7941
-9.53281 -37.0477
-8.98619 -38.2374
-8.70325 -40.1526
-7.8959 -43.597
-7.28772 -45.6106
-6.77224 -47.3423
-6.04591 -49.8589
-4.69425 -50.6793
-2.815 -50.1935
-1.31582 -49.847
0.296754 -49.3008
1.59919 -49.9862
2.79725 -48.7768
6.71314 -47.8504
7.97756 -47.513
9.66716 -47.0144
11.5201 -46.5878
12.1576 -47.9035
12.5737 -49.4569
13.1113 -51.0446
14.1735 -53.9767
12.8002 -54.8076
13.2071 -56.3874
13.443 -57.821
13.8812 -59.3852
14.3009 -60.9427
14.6431 -62.2426
11.3343 -70.1374
10.8852 -70.4077
10.3096 -70.5237
9.69033 -70.653
9.75084 -71.0517
9.79225 -71.4526
10.2226 -72.8722
10.2863 -73.5211
10.6116 -74.673
10.6984 -75.0865
11.0997 -76.3303
11.1589 -76.7946
12.1514 -80.4139
12.6349 -82.0838
12.9746 -83.7377
13.4355 -85.4294
13.801 -86.844
14.2066 -88.2349
14.8691 -89.7323
15.5249 -92.9331
15.9848 -94.5853
14.6832 -95.3424
12.9457 -95.7562
11.5527 -96.3007
11.0422 -97.4088
11.6105 -98.7136
16.8031 -113.212
10.8434 -111.592
10.4625 -111.693
9.36402 -112.044
8.99414 -112.213
7.82768 -112.499
7.52841 -112.68
6.69313 -113.217
6.36608 -113.255
18.1099 -112.359
19.5643 -111.624
21.1978 -111.947
21.6543 -110.109
22.594 -111.57
23.9049 -110.65
24.658 -111.639
18.8807 -109.071
19.9901 -108.315
21.2564 -107.759
22.5811 -106.627
23.4817 -108.356
24.4056 -105.869
26.0035 -105.57
-2.91461 6.34133
-2.81005 5.86807
-2.42519 5.87754
-3.0913 5.52828
-3.5555 5.4168
-4.93714 5.00228
-5.39656 4.94336
-6.75102 4.61136
-7.27856 4.46236
-9.17672 4.35677
-9.07534 4.97352
-9.87662 4.0464
-9.7942 3.4648
-10.4946 3.67483
-10.8952 3.38233
-11.8938 3.40893
-12.3088 3.15896
-13.8888 2.8126
-15.2718 2.48429
-15.7345 2.35278
-16.3589 2.19315
-16.9304 2.25482
-17.2897 1.92897
-17.8091 1.86196
-18.7977 1.5167
-19.1593 1.32687
-18.9663 0.0238508
-18.8238 -0.519377
-18.4593 -2.00242
-18.3834 -2.48118
-18.068 -3.75515
-17.9817 -4.33449
-17.725 -5.55057
-17.491 -5.83711
-17.2503 -6.98273
-17.1066 -7.4182
-16.7854 -8.52813
-16.6697 -8.85592
-16.7537 -9.20346
-16.4977 -9.60171
-16.5957 -10.0089
-16.6137 -10.6604
-16.1446 -11.3078
-16.0011 -11.6289
-15.7894 -12.7326
-15.6723 -13.122
-15.5271 -14.1962
-15.2421 -14.4015
-15.1725 -15.5796
-15.1135 -16.0843
-14.5219 -17.302
-14.388 -17.8724
-13.9432 -19.5945
-13.8208 -20.0934
-13.4907 -21.3906
-13.3637 -21.7431
-13.3009 -22.1702
-13.1504 -22.634
-13.0352 -23.0835
-12.9941 -23.6065
-12.6817 -24.7285
-12.1849 -26.311
-12.0909 -26.8413
-11.7396 -28.2056
-11.5752 -28.8723
-11.7713 -29.9462
-11.3086 -30.0975
-10.9626 -31.3732
-10.8406 -31.8904
-10.4692 -32.9629
-10.4856 -33.3263
-10.1947 -34.39
-10.0208 -34.7738
-9.97194 -35.1501
-9.92444 -35.5114
-9.69643 -35.9497
-9.64895 -36.4302
-9.40237 -37.8022
-9.87838 -38.3519
-8.91667 -39.0617
-9.55862 -39.0086
-8.33532 -41.1982
-8.89869 -41.3237
-8.19702 -42.0188
-8.68559 -42.1332
-7.97274 -42.5709
-7.93483 -42.9315
-7.46935 -44.0223
-7.42374 -44.7287
-7.11776 -46.2474
-6.94072 -46.7081
-6.68733 -48.4012
-7.26932 -48.9186
-7.46139 -49.1488
-6.35681 -49.1343
-6.23232 -49.4205
-5.70283 -50.5223
-6.23037 -50.6203
-3.79897 -50.4547
-3.34013 -50.3935
-2.3074 -50.0935
-1.95074 -49.9964
-0.68061 -49.6319
-0.233976 -49.53
1.26488 -49.3274
0.748943 -48.7377
1.97204 -49.1773
2.25249 -49.0161
3.44644 -48.5528
3.99915 -48.4837
4.52228 -48.2857
5.08652 -48.1415
5.53939 -48.0388
5.97402 -47.9642
7.29418 -47.7075
7.55873 -47.4825
8.53792 -47.3478
8.94611 -47.139
10.3215 -46.8069
10.7506 -46.6871
12.126 -46.783
12.1449 -47.1942
12.3337 -48.5586
12.3642 -48.9799
12.7195 -49.925
12.9556 -50.3801
13.3041 -51.6222
13.4445 -52.0333
13.5338 -52.4767
13.6483 -52.9441
13.8476 -53.204
14.098 -53.5102
13.6787 -54.3513
13.3389 -54.4611
12.8879 -55.3391
12.984 -55.866
13.0659 -56.9043
13.1987 -57.3272
13.5962 -58.3773
13.6672 -58.8038
14.1426 -60.0289
14.1671 -60.4653
14.4119 -61.4306
14.5658 -61.7008
14.7886 -62.936
14.9165 -63.4888
15.1135 -64.048
15.3092 -64.5296
15.4773 -65.1555
15.6432 -65.9512
15.807 -66.7295
16.1273 -66.9167
15.2523 -67.1417
14.6818 -67.3479
14.085 -67.5457
13.4776 -67.7068
12.9948 -67.9333
12.3759 -68.0283
11.787 -68.3456
10.9567 -68.5093
11.63 -77.799
11.8146 -78.2157
11.8509 -78.5436
11.7925 -79.0099
11.8655 -79.448
11.877 -79.8361
12.3202 -81.0263
12.4553 -81.4936
12.8404 -82.6131
12.8286 -83.0254
13.114 -84.4818
13.2945 -84.8747
13.2977 -86.0896
13.5672 -86.3812
13.8891 -87.3355
14.1059 -87.6956
14.3184 -88.8488
14.5408 -89.2651
15.0638 -90.2227
14.8499 -90.6782
14.964 -91.1406
15.1399 -91.546
15.156 -92.055
15.331 -92.3987
15.717 -93.7925
16.1637 -93.5614
15.5526 -95.1068
15.1861 -95.2665
14.0651 -95.5596
13.5852 -95.6892
12.5359 -96.1447
12.1015 -96.11
11.1099 -96.4914
10.9125 -96.7571
11.2743 -97.9329
11.4107 -98.228
11.7195 -99.5846
11.9679 -100.421
12.1358 -101.125
12.24 -101.671
12.4694 -102.326
12.5795 -102.99
12.7646 -103.507
12.9902 -103.948
13.1858 -104.545
13.3845 -105.208
13.579 -105.794
13.8081 -106.295
14.0743 -106.874
14.2923 -107.424
14.2493 -108.015
14.5559 -108.734
14.7203 -109.354
15.524 -109.605
16.1215 -110.401
15.7957 -111.039
15.0525 -110.19
14.4565 -110.401
13.898 -110.592
13.4177 -110.748
12.8784 -110.96
12.3715 -111.138
11.8382 -111.284
11.2724 -111.459
16.9449 -111.209
17.2979 -113.045
17.1978 -111.676
17.5756 -111.852
18.116 -111.678
17.9139 -111.12
18.6659 -111.728
19.1164 -111.861
20.1244 -111.54
20.741 -111.662
21.1285 -111.125
21.693 -110.688
22.3871 -110.772
22.3981 -111.235
23.017 -110.52
23.4803 -110.562
24.4232 -110.728
24.5071 -111.089
16.8382 -109.633
17.195 -109.628
17.5078 -109.408
17.8068 -109.652
18.1073 -109.371
18.4071 -109.189
19.5104 -108.777
19.8561 -109.111
20.5632 -107.799
20.2761 -107.296
22.1334 -107.608
23.1622 -107.233
22.7746 -108.313
22.502 -108.795
23.1657 -106.254
23.6825 -106.149
25.0585 -105.785
25.5382 -105.604
11.3915 -68.74
10.5356 -68.8267
11.2035 -68.967
10.7713 -69.1372
9.87718 -69.0436
9.52643 -69.1483
9.2406 -69.3528
9.09567 -69.6281
12.1687 -69.1721
12.2136 -69.5262
12.1203 -70.0084
12.7369 -69.8791
13.1051 -69.8303
13.5322 -69.6472
13.9305 -69.5813
14.1975 -69.4526
16.582 -110.381
16.9737 -112.555
16.6863 -111.641
16.6395 -112.239
-2.48727 9.37666
-2.85325 9.24956
-2.96355 8.70504
-2.4895 8.69749
-3.17098 8.23012
-3.41073 7.92767
-3.59171 7.40053
-3.53954 6.80818
3.48437 7.17178
4.2449 7.38864
5.00999 7.64257
5.6806 7.75274
6.2738 7.98831
6.93866 8.1082
7.59222 8.28218
8.11834 8.45252
8.66506 8.77796
9.2237 8.90829
9.61814 9.47614
9.92032 10.0432
10.1988 9.93643
10.2839 9.13357
10.7189 8.71918
11.1085 8.21924
11.1374 7.46547
11.4054 6.7283
11.5669 5.96005
11.7895 5.30572
-0.650052 11.0639
-0.489813 10.5938
-0.332265 10.1232
-0.402859 9.7037
0.015048 9.39212
0.136421 8.86523
0.576153 8.41143
1.08232 8.28073
0.744446 7.85693
0.5472 7.40022
0.522088 6.70073
0.142737 7.15635
1.15678 6.5509
1.68488 6.80837
2.29394 6.89308
2.8634 7.03653
-4.18416 11.6461
-1.17628 12.9054
-1.11968 12.4915
-1.42876 13.8915
-1.30682 13.688
-2.21958 15.6113
-1.63873 15.4478
-3.05395 15.4253
-3.60962 15.4085
