165.199 -258.944
168.534 -256.235
167.857 -256.572
169.888 -255.297
177.11 -254.82
177.166 -252.658
177.004 -253.373
176.079 -253.414
174.824 -254.364
174.039 -254.371
173.07 -254.836
171.994 -254.787
171.186 -254.34
166.1 -250.92
168.45 -248.993
181.514 -248.744
180.861 -249.335
170.475 -247.274
171.112 -246.782
248.762 -246.657
184.088 -246.627
183.14 -247.146
205.666 -245.216
206.3 -245.635
204.262 -244.833
203.478 -244.469
233.544 -244.151
208.871 -244.23
208.504 -245.503
230.957 -242.645
231.471 -242.969
231.854 -243.557
231.505 -244.163
206.325 -242.678
207.025 -241.854
230.327 -241.732
206.438 -241.564
231.331 -241.556
216.507 -241.626
215.812 -242.766
215.333 -244.002
213.901 -243.667
175.948 -241.472
175.473 -242.294
174.807 -243.386
174.088 -244.479
224.78 -240.746
223.328 -240.235
182.667 -240.067
234.377 -239.77
212.969 -240.079
176.93 -239.69
176.544 -240.396
232.078 -239.352
231.658 -240.306
194.507 -238.59
193.653 -239.526
195.364 -239.314
196.277 -239.782
197.717 -240.333
199.119 -240.763
200.205 -241.222
201.316 -241.654
192.321 -240.167
191.38 -240.704
190.69 -241.626
189.78 -242.524
188.818 -243.155
188.134 -243.612
187.025 -244.594
185.513 -245.776
217.784 -238.224
218.608 -238.385
217.531 -239.357
217.179 -239.809
219.459 -239.023
220.382 -239.14
221.253 -239.432
221.928 -239.697
215.859 -237.938
178 -237.802
177.503 -238.685
203.612 -236.804
205.416 -236.746
213.981 -236.751
214.246 -237.599
201.812 -236.332
201.135 -236.735
242.676 -236.135
221.474 -236.124
221.039 -237.083
223.252 -236.427
224.618 -236.796
239.285 -235.145
238.295 -234.902
236.273 -234.281
234.381 -233.645
201.876 -233.985
201.121 -234.569
200.395 -234.885
200.364 -235.735
202.782 -234.701
203.687 -234.646
204.791 -234.621
205.753 -235.362
206.309 -235.626
207.128 -234.958
207.98 -235.147
208.478 -235.497
209.111 -236.24
210.152 -236.546
211.133 -237.359
211.973 -237.096
232.713 -233.085
229.175 -232.084
227.362 -231.562
185.78 -231.947
184.663 -232.204
184.09 -232.705
183.69 -233.8
186.369 -232.63
186.793 -233.391
186.788 -234.278
186.499 -234.967
225.245 -231.008
224.054 -230.691
221.828 -229.865
222.65 -230.199
164.717 -228.813
225.058 -228.56
224.34 -228.641
223.368 -228.409
222.398 -228.385
165.612 -226.982
226.887 -227.06
226.101 -227.178
222.168 -227.157
224.894 -226.356
224.745 -226.844
99.9362 -225.339
164.027 -225.19
164.391 -225.842
99.2515 -224.588
229.103 -224.639
227.533 -224.665
226.388 -224.869
225.894 -225.424
224.725 -225.272
165.292 -224.481
221.425 -224.063
99.4477 -223.118
226.92 -222.832
164.751 -222.715
165.577 -222.754
166.41 -223.034
167.319 -223.271
168.239 -223.565
169.12 -223.87
169.998 -224.154
171.045 -224.426
171.98 -224.733
172.912 -224.982
173.774 -225.278
174.613 -225.605
175.758 -225.921
177.196 -226.209
177.735 -226.614
178.204 -227.224
178.522 -227.878
178.883 -228.556
179.173 -229.147
179.43 -229.691
179.7 -230.193
179.995 -230.761
180.262 -231.282
180.542 -231.827
180.806 -232.514
180.617 -233.238
180.307 -233.826
180.005 -234.364
179.619 -234.997
179.216 -235.71
178.812 -236.382
178.454 -237
101.67 -222.474
99.5371 -222.082
159.422 -221.144
160.545 -221.845
160.283 -222.378
159.932 -222.574
167.327 -220.428
166.856 -221.1
168.224 -220.51
168.577 -221.424
169.521 -221.471
170.058 -221.045
170.893 -221.65
170.641 -222.63
102.787 -220.027
98.222 -220.092
146.562 -219.082
147.996 -219.535
157.562 -218.499
227.553 -219.927
225.565 -220.533
222.872 -222.009
217.996 -224.325
217.503 -226.748
219.151 -228.665
231.588 -217.751
230.967 -217.886
230.245 -218.148
229.755 -218.514
229.077 -218.876
228.194 -219.313
226.76 -220.568
226.652 -221.633
224.403 -221.01
223.882 -221.508
222.103 -221.91
221.32 -222.188
220.339 -222.56
219.567 -222.797
218.942 -223.02
218.53 -223.531
217.507 -225.119
217.116 -225.675
217.92 -227.556
218.368 -227.985
220.557 -229.432
157.699 -217.212
156.915 -217.771
159.244 -217.594
160.339 -218.291
197.6 -216.782
101.362 -216.707
138.532 -216.238
104.425 -216.171
125.282 -214.908
101.887 -214.882
237.857 -214.539
236.837 -214.992
235.946 -215.547
234.673 -216.005
233.867 -216.708
233.879 -217.899
233.29 -216.677
232.41 -217.095
210.25 -214.37
208.583 -214.447
196.625 -214.276
94.5735 -213.979
121.871 -213.972
123.258 -214.222
126.362 -213.882
240.864 -213.259
239.565 -213.84
202.591 -212.983
202.543 -213.91
203.988 -212.822
205.261 -213.003
202.139 -214.494
201.537 -214.722
200.751 -214.776
199.891 -214.546
198.955 -214.906
198.503 -214.49
197.66 -214.696
197.835 -215.311
242.118 -212.538
109.081 -212.504
109.811 -212.592
108.444 -212.81
108.011 -213.303
106.641 -213.611
105.822 -213.393
105.242 -213.876
104.839 -214.42
228.648 -212.318
228.13 -212.578
227.629 -212.818
227.076 -213.062
226.477 -213.363
226.139 -213.825
226.383 -214.582
226.803 -215.15
200.362 -212.232
195.369 -212.303
199.366 -212.078
186.886 -212.534
186.344 -213.592
186.228 -214.949
186.254 -216.54
229.299 -211.832
102.828 -212.324
195.125 -211.62
127.46 -211.733
126.748 -212.76
128.56 -212.296
128.304 -213.659
127.884 -214.824
128.086 -215.824
129.284 -216.173
130.727 -216.813
132.285 -217.315
133.114 -216.305
133.57 -214.579
134.168 -213.416
135.388 -213.758
136.766 -214.18
138.191 -214.577
139.636 -215.133
141.347 -215.599
142.345 -215.724
143.286 -216.023
144.501 -216.475
145.713 -217.055
147.208 -217.42
148.631 -217.836
149.104 -218.841
150.301 -218.878
150.963 -219.834
152.224 -219.113
153.634 -219.835
155.17 -219.869
156.553 -220.621
156.744 -221.186
157.795 -220.743
245.492 -211.233
228.685 -211.06
198.418 -211.355
103.132 -211.059
238.736 -210.432
94.8411 -210.311
240.425 -210.647
240.917 -211.812
98.9083 -210.231
98.0817 -211.319
191.29 -210.307
191.254 -211.609
190.916 -212.648
190.362 -213.3
231.283 -210.024
230.262 -210.378
110.394 -210.251
110.034 -211.279
232.612 -209.382
233.986 -208.801
235.251 -208.257
191.935 -208.26
193.342 -208.408
100.139 -208.309
99.8115 -208.915
94.6479 -207.432
225.502 -206.71
193.368 -207.176
94.9038 -206.582
136.37 -206.768
137.196 -207.773
139.171 -208.317
140.087 -207.644
109.004 -205.875
107.874 -206.351
110.581 -206.398
112.028 -206.818
113.469 -207.242
114.796 -207.677
116.252 -208.079
117.65 -208.492
118.861 -208.887
120.175 -209.301
121.648 -209.722
122.928 -210.183
124.407 -210.544
125.769 -210.812
126.25 -211.616
125.845 -212.781
223.831 -205.408
223.386 -205.164
99.0523 -205.617
95.2496 -205.282
222.643 -204.675
151.464 -205.255
152.073 -205.209
151.459 -206.706
151.812 -207.72
227.778 -204.451
228.13 -205.16
219.632 -206.708
218.923 -204.054
218.37 -204.519
218.058 -205.46
217.872 -206.745
219.161 -207.343
219.581 -208.889
219.559 -209.861
220.547 -210.21
221.559 -210.519
222.214 -211.425
222.084 -212.557
222.761 -213.028
223.583 -213.268
224.425 -213.359
209.824 -204.711
209.512 -206.642
209.23 -208.035
208.926 -209.604
208.6 -211.396
207.084 -211.908
206.091 -211.739
204.301 -211.364
152.294 -203.556
191.162 -203.254
161.548 -203.576
142.635 -202.869
97.8073 -202.546
98.5499 -202.799
99.242 -203.048
99.993 -203.315
101.015 -203.473
101.831 -203.689
102.682 -203.903
103.44 -204.069
104.13 -204.425
104.155 -205.091
103.919 -205.955
103.682 -206.895
103.845 -207.686
104.01 -208.539
103.679 -209.323
103.466 -209.951
211.061 -202.149
224.987 -202.512
148.41 -202.13
148.256 -202.692
220.775 -202.649
220.554 -203.938
144.054 -200.581
159.912 -200.489
157.833 -199.932
157.518 -201.482
157.546 -203.733
158.404 -203.203
157.535 -205.425
157.836 -207.077
158.35 -208.43
158.875 -209.325
159.416 -210.436
160.104 -211.272
161.451 -211.734
162.826 -212.059
163.853 -212.406
164.986 -212.768
166.128 -213.112
167.307 -213.455
168.466 -213.775
169.53 -214.112
170.614 -214.5
171.738 -214.754
173.168 -215.077
174.245 -215.42
175.613 -215.814
176.574 -216.288
177.598 -216.592
178.977 -216.916
180.314 -217.245
181.558 -217.701
182.97 -218.094
184.182 -218.519
185.609 -219.062
186.635 -219.443
83.5913 -199.439
83.8614 -200.508
84.7269 -200.657
85.718 -201.204
159.925 -199.307
219.657 -198.62
219.267 -199.265
218.659 -201.292
219.029 -202.504
82.2869 -197.908
83.3705 -198.078
84.2893 -198.472
85.1652 -198.827
86.4352 -199.187
87.4988 -199.519
88.6964 -199.827
89.7809 -200.114
91.01 -200.503
92.1424 -200.839
93.3323 -201.207
94.3736 -201.522
95.5382 -201.837
96.0361 -202.362
95.6491 -203.208
95.6435 -203.95
86.7869 -197.798
121.685 -197.38
78.2695 -196.673
78.7626 -197.053
212.47 -196.284
65.7113 -196.469
66.6705 -197.325
86.0907 -195.658
87.5138 -195.889
89.1662 -196.368
89.9676 -197.558
71.8386 -194.742
74.9202 -194.631
73.0847 -194.666
73.3038 -195.263
74.0598 -195.423
75.0294 -195.784
75.0327 -196.51
74.801 -197.243
74.5621 -198.032
74.3182 -198.676
74.0377 -199.456
73.7672 -200.413
73.5121 -201.232
73.2627 -202.086
73.0208 -202.967
72.7652 -203.893
72.5121 -204.832
72.243 -205.788
66.7246 -194.055
81.011 -194.151
82.3895 -194.413
83.5525 -194.852
84.2895 -195.458
110.06 -193.305
109.461 -194.021
109.562 -195.23
109.111 -195.707
110.726 -195.736
112.052 -196.095
112.709 -197.027
113.437 -196.156
213.378 -193.044
149.381 -192.719
149.855 -193.56
62.7279 -192.135
63.7353 -192.435
64.9529 -192.806
65.3852 -193.55
66.02 -193.116
67.1636 -193.421
68.1955 -193.774
68.1971 -194.47
160.725 -191.632
118.553 -191.487
119.865 -191.954
120.102 -193.637
119.749 -195.794
147.035 -191.753
147.027 -192.67
146.325 -192.788
145.553 -192.408
141.128 -192.05
141.804 -191.845
139.347 -191.86
136.916 -191.6
132.792 -191.072
162.294 -190.656
139.625 -190.645
148.417 -189.893
64.0946 -189.855
65.0461 -190.152
65.8249 -190.74
65.5888 -191.66
211.844 -190.289
211.617 -191.944
211.295 -193.838
211.056 -195.232
144.358 -189.701
146.483 -189.913
144.113 -190.233
142.814 -190.501
54.5798 -189.688
225.249 -189.622
62.9108 -189.564
150.997 -189.797
141.053 -189.566
141.702 -189.292
138.062 -188.882
226.146 -188.659
222.878 -188.374
222.529 -190.699
223.875 -188.279
224.017 -188.69
222.179 -193.195
221.782 -195.569
221.457 -197.689
221.174 -199.894
209.571 -213.51
207.664 -213.243
215.712 -188.298
215.498 -189.824
215.027 -187.924
214.131 -187.845
214.605 -190.51
215.575 -191.381
215.426 -192.545
215.171 -194.485
214.62 -195.831
214.498 -197.44
213.531 -197.59
213.728 -198.426
214.442 -199.454
214.572 -200.553
213.99 -202.369
213.027 -202.908
213.856 -203.427
213.617 -204.51
213.39 -206.26
213.068 -207.535
213.147 -208.91
212.523 -208.828
212.711 -210.002
212.302 -210.847
212.511 -211.939
211.668 -213.939
211.817 -214.811
211.086 -216.082
210.568 -216.708
209.878 -217.578
209.103 -218.615
208.514 -219.388
207.909 -220.224
207.071 -221.154
205.879 -221.538
204.962 -221.845
204.039 -222.101
202.798 -222.333
201.835 -222.608
200.535 -222.867
199.099 -223.108
198.191 -222.956
197.537 -222.743
196.357 -222.377
195.659 -222.016
194.849 -221.652
193.955 -221.393
193.199 -221.136
192.318 -220.843
191.506 -220.565
190.611 -220.132
189.755 -220.365
189.439 -220.586
189.751 -221.563
189.397 -222.426
188.261 -222.385
187.187 -222.115
186.406 -221.603
185.737 -221.023
185.737 -220.188
187.949 -219.846
158.707 -187.349
138.662 -187.282
67.3775 -186.875
224.2 -186.061
226.163 -186.463
225.921 -187.553
69.2771 -186.013
68.9615 -186.952
41.3691 -185.774
42.5169 -186.205
43.9706 -186.645
45.1808 -187.004
46.4974 -187.357
47.9731 -187.783
49.2455 -188.149
50.5433 -188.784
39.9122 -185.395
205.979 -185.424
208.527 -185.793
211.371 -186.217
212.211 -187.616
160.054 -185.379
162.068 -185.114
162.081 -185.888
161.934 -186.809
162.003 -187.607
162.705 -188.348
162.333 -189.403
161.49 -189.444
160.743 -189.79
160.136 -190.191
159.544 -189.731
159.005 -190.816
158.675 -192.193
158.448 -193.85
158.199 -195.799
157.69 -197.52
158.195 -198.471
193.011 -185.037
191.162 -184.332
162.832 -184.386
189.716 -184.164
68.8413 -184.013
69.7868 -184.298
67.4568 -183.584
66.5371 -183.307
65.9019 -183.11
64.258 -182.736
189.147 -182.743
188.543 -183.288
192.961 -182.712
190.057 -182.413
150.238 -181.904
199.725 -181.772
61.3621 -181.732
54.9182 -181.522
158.202 -181.596
158.136 -182.564
157.766 -183.865
158.002 -184.875
60.3291 -181.476
59.6416 -181.399
151.709 -181.156
161.198 -181.06
160.71 -182.001
160.911 -183.521
160.664 -184.268
56.5121 -180.382
53.3288 -179.563
224.156 -180.283
223.807 -182.333
223.567 -183.725
223.304 -185.808
204.212 -179.064
202.693 -178.759
193.663 -179.099
192.796 -179.701
192.362 -180.792
191.961 -181.823
195.417 -178.574
166.462 -178.432
164.156 -178.528
164.017 -179.687
164.558 -180.333
163.875 -180.849
163.647 -181.547
163.974 -182.682
162.862 -181.732
162.71 -182.578
200.309 -178.278
201.25 -178.513
170.669 -178.226
169.474 -177.423
225.454 -177.273
167.754 -177.084
165.183 -176.714
166.019 -176.732
227.531 -177.02
227.55 -178.413
227.143 -179.187
226.698 -180.236
217.695 -176.431
217.42 -178.533
217.76 -179.92
217.276 -180.671
217.031 -181.641
216.264 -182.771
216.63 -183.942
215.549 -184.18
215.543 -180.848
214.543 -180.032
213.672 -179.951
212.472 -180.236
211.332 -179.921
210.304 -179.735
209.345 -179.406
208.379 -179.88
207.727 -179.127
206.927 -179.157
206.164 -179.317
205.416 -179.177
171.962 -175.382
167.415 -174.731
198.328 -175.084
198.042 -176.644
197.796 -178.352
197.156 -178.616
223.582 -174.49
222.767 -177.248
222.179 -174.463
222.091 -175.479
221.89 -176.584
222.844 -176.183
207.703 -173.885
209.936 -174.19
212.313 -174.523
213.987 -174.582
227.715 -173.687
223.39 -173.198
199.391 -173.559
162.579 -172.753
164.664 -172.496
164.167 -172.836
202.317 -172.135
215.662 -171.632
199.508 -171.332
198.799 -172.047
228.31 -171.502
228.94 -172.139
229.032 -173.729
228.796 -175.356
169.332 -171.45
153.824 -178.851
153.544 -180.43
118.398 -199.233
118.801 -197.592
153.15 -182.289
153.096 -183.469
153.056 -184.532
152.862 -185.462
152.614 -186.307
152.139 -186.993
152.668 -187.969
152.438 -188.905
152.266 -189.949
152.157 -190.701
152.004 -192.661
151.906 -194.752
151.447 -196.693
151.36 -197.775
151.15 -199.138
151.151 -201.334
150.712 -202.892
149.81 -202.912
150.521 -200.597
150.275 -199.982
150.269 -203.869
149.308 -204.347
148.46 -204.985
147.65 -205.547
147.103 -205.354
147.478 -204.259
146.092 -205.988
145.485 -206.63
144.445 -206.515
143.58 -206.167
142.685 -205.971
141.705 -205.459
140.822 -205.424
139.678 -205.108
138.602 -204.779
137.457 -204.448
136.405 -204.119
135.399 -203.819
134.338 -203.516
133.394 -203.235
132.412 -202.932
131.398 -202.637
130.379 -202.338
129.362 -202.032
128.353 -201.733
127.312 -201.432
126.293 -201.126
125.127 -200.877
120.24 -198.125
153.841 -170.738
154.954 -171.375
154.826 -172.139
154.419 -173.812
154.181 -175.566
154.024 -176.943
153.645 -174.627
153.267 -174.369
124.266 -200.706
123.105 -200.305
122.225 -199.782
121.425 -199.496
120.398 -199.226
119.076 -199.077
161.703 -170.724
161.344 -171.613
161.003 -173.353
160.807 -175.076
161.068 -176.361
162.412 -176.318
163.317 -176.629
163.973 -176.749
226.412 -170.492
225.727 -170.902
225.264 -172.021
225.225 -173.413
225.09 -174.195
224.708 -175.58
224.481 -177.32
224.38 -178.259
217.065 -170.616
165.159 -169.349
165.537 -169.837
145.72 -169.167
148.701 -169.555
150.695 -170.127
151.202 -171.607
150.839 -172.689
151.012 -173.786
150.79 -175.036
150.248 -176.033
150.296 -177.257
151.083 -178.509
150.557 -179.523
149.753 -180.18
163.081 -167.897
227.798 -167.927
228.702 -168.358
230.062 -168.671
231.396 -168.805
152.355 -167.443
143.272 -167.627
231.94 -166.099
151.175 -166.26
148.311 -165.999
149.48 -165.087
160.425 -165.02
147.179 -164.858
239.13 -164.839
88.8966 -164.718
86.0693 -164.767
245.998 -164.691
144.686 -164.201
144.412 -165.22
144.136 -166.187
229.063 -164.06
228.596 -164.679
98.5935 -163.752
97.6329 -164.386
96.4876 -164.322
95.5966 -164.704
95.4826 -165.593
96.2936 -166.208
95.1869 -166.272
94.809 -167.171
94.7559 -168.492
94.4844 -169.704
94.1994 -170.864
93.9103 -172.093
93.6328 -173.273
93.3984 -174.345
93.114 -175.471
92.8214 -176.604
92.5817 -177.704
92.3026 -178.926
92.027 -180.116
91.7282 -181.308
91.4878 -182.474
90.7939 -183.614
91.0117 -184.535
90.9102 -185.816
91.4746 -186.488
91.8313 -187.097
92.2588 -187.81
92.6821 -188.514
93.0752 -189.22
93.4929 -189.914
93.8066 -190.532
94.1466 -191.124
94.801 -191.633
95.8078 -191.908
96.6731 -192.186
97.602 -192.479
98.4924 -192.735
99.3909 -193.024
100.274 -193.288
101.165 -193.574
102.135 -193.852
103.112 -194.143
104.085 -194.466
104.915 -194.435
105.589 -193.787
105.386 -193.056
106.671 -194.338
107.409 -193.94
108.138 -193.463
108.093 -194.323
108.138 -192.922
108.659 -192.516
109.654 -192.143
110.796 -192.405
111.705 -192.718
112.116 -193.217
113.08 -193.192
114.191 -193.675
114.343 -194.226
115.548 -194.411
116.249 -194.273
116.572 -193.467
116.981 -192.724
117.275 -191.973
96.8376 -165.827
232.63 -163.411
231.259 -164.253
246.212 -163.132
226.705 -163.156
227.471 -163.112
226.596 -164.278
226.681 -164.983
226.12 -166.378
225.907 -167.946
225.805 -169.124
226.586 -169.32
160.578 -162.639
160.751 -163.208
159.769 -163.149
159.656 -164.052
159.578 -165.435
160.363 -166.016
159.763 -166.539
160.194 -167.033
112.825 -162.445
166.408 -162.776
166.026 -163.303
165.726 -164.088
165.955 -164.638
164.262 -161.696
151.482 -161.99
151.669 -162.624
85.2559 -162.084
235.751 -161.427
107.506 -161.398
107.802 -161.821
106.392 -161.302
153.825 -161.655
153.973 -162.75
153.76 -163.829
153.638 -164.934
108.448 -161.056
105.298 -160.974
101.06 -160.987
102.212 -161.282
103.452 -161.585
104.734 -161.904
145.79 -161.343
145.908 -162.609
145.74 -163.814
145.754 -164.627
91.1804 -161.047
92.0487 -161.492
91.8801 -162.902
91.572 -164.388
91.1689 -165.796
89.9837 -166.635
88.6841 -166.019
87.833 -165.459
89.4579 -167.22
87.249 -166.536
88.4384 -167.45
87.967 -168.961
87.5946 -170.549
87.2352 -172.195
86.8442 -173.986
86.4742 -175.604
86.126 -177.155
85.6252 -178.998
85.2345 -180.919
84.8599 -182.439
84.4212 -183.697
83.5508 -184.291
82.6027 -184.856
81.6262 -185.501
80.3902 -186.256
79.3536 -186.891
77.9916 -186.698
76.5955 -186.23
75.1187 -185.836
73.8112 -185.451
72.4929 -185.097
71.1618 -184.683
135.499 -160.793
136.233 -162.849
109.739 -160.929
148.652 -160.73
149.466 -161.145
99.7081 -160.525
154.115 -160.295
155.617 -160.594
155.89 -161.917
155.609 -164.066
155.126 -165.648
155.367 -166.637
154.622 -167.51
154.348 -166.754
166.033 -160.092
97.8337 -160.022
96.5613 -160.372
96.2802 -162.091
96.7525 -163.25
231.251 -160.489
233.327 -161.089
106.624 -159.917
105.931 -159.756
104.745 -159.461
102.312 -159.132
101.316 -159.021
166.884 -159.084
131.229 -158.75
131.601 -159.547
87.1496 -157.266
88.5637 -157.639
147.455 -156.546
143.767 -155.845
141.933 -155.727
145.314 -156.025
136.982 -156.036
136.869 -157.662
172.107 -155.456
166.755 -157.725
168.256 -154.985
169.83 -155.128
167.45 -155.498
167.285 -156.872
173.07 -154.571
174.727 -154.882
153.107 -154.738
152.672 -155.83
151.052 -156.014
148.806 -155.682
90.955 -154.449
90.8028 -156.564
90.2208 -158.252
89.4903 -159.677
89.4468 -160.556
89.5406 -161.491
89.3781 -162.441
89.0026 -163.117
218.325 -153.465
216.695 -153.166
216.939 -153.757
163.687 -153.375
163.385 -154.83
163.489 -155.993
163.238 -157.338
162.958 -158.619
163.222 -159.57
162.145 -160.727
162.441 -161.866
162.842 -162.665
162.225 -164.145
163.899 -162.758
164.695 -163.147
162.001 -166.126
162.967 -165.33
161.849 -167.997
161.889 -169.281
176.171 -152.243
154.307 -152.707
153.663 -153.48
219.283 -151.518
231.169 -151.539
168.525 -151.212
161.941 -151.103
162.408 -151.777
161.163 -153.085
162.071 -154.197
153.368 -151.246
218.932 -150.757
170.38 -150.797
82.7131 -150.487
84.337 -150.846
85.7455 -151.162
87.6336 -151.644
87.8923 -152.753
87.3773 -154.319
87.5212 -155.407
86.9526 -156.018
80.6497 -150.024
176.752 -150.042
96.0766 -149.898
79.2479 -149.654
170.897 -149.805
218.948 -149.456
169.837 -149.327
164.168 -149.69
163.909 -151.418
96.9943 -148.966
97.1417 -150.055
96.8504 -151.568
96.1408 -152.068
100.899 -148.554
179.431 -148.496
170.332 -148.529
222.923 -148.232
223.682 -148.134
224.121 -149.665
223.871 -151.445
223.269 -152.225
222.584 -152.131
222.486 -151.01
222.712 -150.271
100.118 -147.843
83.169 -147.95
81.6336 -147.645
169.991 -147.316
79.3988 -147.24
77.6621 -146.832
106.681 -146.9
105.529 -146.802
104.393 -146.559
75.9034 -146.458
101.686 -146.268
102.681 -146.234
100.384 -146.525
99.6324 -147.147
99.2545 -148.538
99.0396 -149.841
98.8997 -150.603
98.464 -151.601
98.0004 -152.603
97.605 -154.058
97.7058 -154.676
97.2534 -155.734
97.656 -157.253
98.5672 -157.647
99.7793 -157.715
100.426 -158.413
208.463 -145.744
163.137 -145.827
162.747 -146.733
162.092 -147.698
162.277 -148.846
172.035 -145.539
171.435 -145.924
171.445 -147.064
171.995 -146.914
171.794 -148.336
172.584 -148.83
173.412 -148.477
174.057 -148.831
86.1318 -145.254
86.5157 -145.836
172.687 -144.752
93.0001 -144.919
92.5553 -146.428
92.1555 -148.058
91.508 -149.587
89.4861 -149.449
87.5771 -148.988
85.4996 -148.559
90.3907 -144.534
91.0502 -144.674
174.093 -143.324
208.239 -143.532
166.748 -142.805
168.739 -142.955
170.582 -143.189
171.999 -143.237
166.154 -143.233
165.303 -143.137
164.795 -145.044
164.554 -147.098
102.187 -142.594
214.565 -142.667
85.0272 -142.945
84.6074 -143.126
84.7279 -143.952
85.1595 -144.479
216.088 -142.671
82.3122 -142.174
213.521 -142.39
206.075 -141.963
218.372 -142.019
220.085 -142.427
220.688 -143.621
219.839 -143.739
222.003 -144.113
221.674 -145.132
221.696 -146.351
221.622 -147.706
221.153 -149.33
221.232 -150.114
221.014 -151.779
220.242 -150.689
220.719 -153.497
221.15 -154.028
220.901 -155.4
220.621 -155.816
220.466 -156.729
220.188 -158.767
219.891 -160.982
219.298 -161.221
219.709 -163
219.393 -165.069
219.042 -167.138
218.762 -168.989
218.449 -170.923
217.831 -172.101
217.631 -173.136
217.636 -174.769
216.685 -173.437
215.608 -173.579
215.351 -174.155
215.697 -174.798
211.144 -142.226
208.417 -141.918
209.508 -142.129
103.972 -142.072
103.647 -143.103
103.852 -143.982
103.601 -145.29
90.3601 -141.697
91.4089 -141.885
202.789 -141.53
204.586 -141.796
200.874 -141.056
86.3393 -140.85
88.138 -141.175
80.586 -140.456
83.5621 -140.359
84.6284 -140.773
156.298 -151.03
155.605 -151.27
155.719 -150.529
156.177 -149.86
158.839 -140.07
158.654 -141.058
158.452 -141.928
158.376 -142.684
158.084 -143.663
158.1 -144.738
157.632 -146.153
155.811 -146.273
154.919 -145.692
155.377 -144.928
155.688 -143.458
155.935 -141.665
155.622 -140.727
154.561 -140.375
153.524 -140.04
152.56 -139.75
157.349 -147.589
157.153 -150.663
156.43 -148.324
155.131 -148.424
157.325 -152.692
156.506 -152.983
156.819 -154.639
155.959 -156.333
153.956 -149.395
154.34 -150.337
150.24 -139.225
70.8621 -138.932
173.987 -138.857
202.245 -138.832
102.334 -138.844
169.212 -138.323
170.408 -138.627
210.983 -137.753
215.043 -138.041
146.438 -137.632
146.641 -138.303
147.221 -138.673
148.276 -138.943
102.512 -137.232
149.535 -137.101
92.8335 -136.441
153.027 -135.335
153.797 -136.315
153.756 -137.174
200.294 -135.24
200.074 -136.57
199.99 -137.946
199.74 -139.416
102.34 -134.887
102.046 -135.644
101.567 -136.949
101.247 -138.237
100.967 -139.865
100.727 -141.229
100.478 -142.457
100.803 -143.097
91.2434 -135.089
155.862 -132.59
154.812 -132.532
247.465 -132.556
245.574 -132.795
157.215 -132.699
157.937 -134.065
158.044 -135.033
157.156 -135.362
102.6 -132.208
103.277 -132.069
105.277 -131.369
105.015 -132.354
105.565 -133.135
104.613 -133.369
103.881 -133.77
103.975 -134.98
103.766 -136.253
103.245 -136.176
231.673 -131.291
230.588 -132.207
233.485 -131.664
234.764 -131.633
236.339 -131.871
237.847 -132.085
239.697 -132.287
242.289 -132.521
230.37 -134.124
230.01 -135.153
229.924 -136.682
229.757 -139.232
229.655 -140.971
229.694 -142.228
229.618 -143.264
229.451 -144.927
229.26 -146.646
230.353 -147.897
229.288 -148.141
229.109 -149.47
228.645 -150.566
229.358 -150.613
228.197 -152.127
228.33 -153.214
228.122 -153.69
227.752 -154.232
227.689 -155.226
227.511 -156.771
227.15 -157.899
227.199 -158.803
227.368 -159.819
228.263 -160.048
106.898 -130.437
93.9683 -130.097
250.057 -131.031
243.712 -129.032
151.549 -129.633
152.43 -130.423
152.802 -131.103
153.761 -131.553
241.812 -128.884
223.156 -128.799
157.84 -128.339
152.049 -128.214
235.455 -128.336
238.19 -128.614
102.956 -128.19
159.558 -128.121
159.703 -129.762
159.458 -132.195
159.461 -133.861
159.28 -135.01
159.001 -136.361
158.628 -137.458
157.945 -137.32
150.69 -127.748
150.823 -128.303
147.978 -127.217
148.508 -127.479
234.269 -127.064
143.724 -126.819
145.694 -126.208
92.9111 -126.117
143.1 -125.545
234.999 -125.189
147.988 -124.849
151.412 -124.394
221.762 -124.196
103.778 -124.002
104.579 -124.167
99.3419 -124.054
99.1552 -124.952
98.9253 -126.214
98.5657 -127.113
139.425 -123.632
149.329 -123.566
149.312 -124.287
151.672 -123.391
155.097 -123.741
144.034 -123.178
95.4884 -123.217
124.383 -123.148
157.419 -122.656
157.523 -123.639
119.363 -122.247
160.382 -122.084
160.296 -123.544
159.288 -123.909
160.152 -124.483
98.246 -121.138
96.9743 -120.896
97.6513 -122.421
97.2555 -124.157
96.9629 -125.654
96.5498 -127.336
96.2122 -129.265
95.816 -131.056
95.4455 -132.691
95.1126 -134.5
94.651 -135.553
94.6975 -136.74
94.2989 -137.788
94.1496 -139.213
93.8531 -140.927
92.9421 -141.782
122.912 -120.332
122.384 -120.956
232.706 -120.29
90.266 -120.02
92.1338 -120.359
93.7159 -121.027
93.524 -122.687
123.862 -119.882
88.344 -119.691
86.7221 -119.377
106.752 -119.743
105.531 -120.122
106.753 -121.282
106.315 -122.323
109.152 -119.625
111.46 -120.039
113.536 -120.435
115.729 -120.86
105.911 -123.329
106.44 -124.382
105.873 -126.146
104.651 -126.478
104.521 -127.735
104.106 -129.172
104.076 -130.078
105.702 -129.928
119.751 -119.096
83.2872 -118.845
80.9865 -118.703
82.28 -118.134
117.015 -117.797
117.974 -118.593
81.0259 -117.392
171.957 -116.868
168.498 -116.861
157.936 -117.521
157.885 -118.818
158.131 -119.793
158.184 -120.671
157.602 -121.512
82.3549 -116.604
114.021 -115.232
111.813 -115.271
111.688 -116.639
113.001 -117
114.479 -117.383
95.8788 -114.584
92.8699 -114.124
82.2548 -114.354
89.8622 -113.632
117.888 -113.579
117.328 -115.049
86.9307 -113.156
83.3622 -112.568
169.493 -112.068
124.875 -111.782
160.645 -111.988
120.445 -111.539
82.7184 -111.551
124.32 -111.166
169.52 -111.15
101.773 -111.194
101.282 -111.957
101.147 -113.637
100.801 -114.641
91.2731 -110.926
235.025 -110.875
220.814 -110.627
225.318 -113.311
224.637 -122.958
224.113 -125.984
224.15 -127.833
223.286 -130.118
221.351 -135.657
219.6 -138.205
219.829 -134.212
220.096 -131.624
222.116 -110.492
222.297 -111.361
223.188 -111.879
224.511 -112.032
225.127 -116.417
224.904 -119.261
223.799 -130.596
223.599 -132.535
223.356 -134.585
222.958 -135.831
219.986 -136.269
220.082 -137.085
214.989 -110.502
216.727 -110.298
218.501 -110.686
83.4733 -110.395
214.093 -110.278
206.062 -110.382
179.457 -109.955
171.129 -109.563
175.654 -109.579
176.179 -110.1
177.724 -109.322
234.64 -109.523
206.487 -109.148
205.887 -108.407
153.261 -108.039
155.995 -108.282
157.84 -108.795
157.903 -110.34
158.897 -111.112
159.312 -112.051
158.85 -112.91
158.327 -113.341
159.349 -113.38
160.211 -113.366
161.199 -113.184
161.087 -114.373
160.933 -115.873
159.936 -116.311
160.779 -117.759
160.714 -119.426
110.441 -108.447
110.386 -110.614
112.533 -111.509
116.184 -111.935
234.731 -108.12
206.534 -108.004
207.191 -107.696
236.732 -107.552
210.547 -107.455
183.512 -107.282
181.325 -107.288
166.639 -107.767
166.57 -109.683
182.362 -107.196
179.118 -107.245
177.962 -107.102
153.256 -106.952
154.273 -106.895
175.633 -106.695
213.21 -106.673
216.845 -106.838
219.764 -107.084
221.862 -107.374
171.88 -106.62
173.608 -106.637
89.7012 -106.649
90.8866 -107.228
92.0012 -106.984
94.1317 -107.259
96.3366 -107.519
98.4445 -107.816
99.6126 -108.29
100.03 -109.711
99.656 -110.545
99.3222 -112.616
99.0784 -114.686
98.7223 -116.791
98.647 -115.858
98.4352 -117.74
98.0552 -114.599
98.2595 -114.15
211.262 -106.332
87.5255 -106.309
169.376 -105.898
168.599 -106.488
168.421 -108.651
168.651 -110.098
168.122 -111.499
167.928 -113.845
167.611 -116.509
167.318 -119.394
167.01 -122.737
166.723 -125.683
166.386 -129.226
166.047 -132.722
165.822 -135.681
165.592 -137.414
165.51 -139.067
166.583 -139.612
156.933 -105.626
156.707 -106.664
85.0148 -105.514
85.7543 -105.967
171.512 -105.032
184.451 -105.267
184.092 -106.436
109.508 -104.639
184.234 -104.258
110.962 -104.282
180.243 -104.136
76.1566 -104.144
179.512 -103.932
176.892 -103.883
157.319 -103.696
156.609 -103.822
160.295 -103.684
159.213 -104.084
152.481 -103.417
152.464 -104.174
159.462 -103.132
97.8581 -103.011
98.6562 -103.285
86.0134 -102.883
153.905 -103.039
96.4426 -103.004
96.0828 -104.094
94.6155 -104.241
92.6636 -104.065
157.85 -102.409
158.239 -102.708
206.184 -102.492
206.482 -103.912
206.189 -105.442
208.932 -106.12
160.704 -101.84
75.5433 -102.743
172.076 -102.155
172.484 -102.626
173.096 -103.093
173.364 -103.71
76.5746 -101.378
158.682 -99.3776
157.362 -99.1322
156.462 -99.0322
207.165 -100.59
154.132 -98.8177
149.1 -98.337
151.109 -98.4043
143.312 -97.7322
144.839 -97.7568
141.312 -97.5522
139.112 -97.3322
137.562 -97.2322
172.588 -96.2081
159.552 -95.0883
168.001 -95.0077
167.121 -95.8016
167.504 -97.735
168.062 -96.9755
158.273 -94.8883
160.738 -94.42
111.637 -95.0885
111.132 -95.0764
173.461 -94.3857
158.674 -94.1763
157.534 -94.0048
157.341 -94.5333
172.941 -93.5109
154.569 -93.3391
135.539 -93.6895
135.567 -95.3641
136.41 -95.8261
136.911 -96.5201
147.455 -92.5465
140.962 -91.9322
136.23 -92.133
242.312 -91.0322
238.173 -91.8733
237.91 -93.4786
238.229 -94.6875
237.029 -94.9707
235.989 -94.9148
235.083 -95.3895
234.262 -95.4371
233.795 -96.3228
233.552 -97.8057
233.675 -99.384
234.429 -99.9497
234.487 -101.497
233.308 -101.93
233.208 -103.955
233.086 -105.705
232.31 -105.621
232.774 -108.507
233.642 -107.5
232.586 -111.291
232.726 -110.468
233.06 -114.769
233.191 -113.048
233.708 -112.003
232.485 -106.941
232.177 -113.785
231.918 -116.969
231.804 -118.614
231.526 -121.59
231.255 -124.883
231.53 -127.078
232.532 -127.054
232.414 -114.421
233.137 -113.66
111.999 -90.6318
111.48 -91.2394
111.006 -92.4843
110.976 -93.526
153.86 -90.2938
115.435 -90.1211
117.758 -90.4362
119.081 -89.5401
120.003 -90.1367
127.734 -89.6719
127.931 -90.739
171.993 -89.4547
117.134 -89.306
112.162 -89.1571
143.104 -89.1586
142.793 -91.2527
109.644 -94.026
108.273 -93.1847
108.854 -95.4783
108.601 -96.4963
108.033 -97.8735
107.707 -99.9308
108.412 -101.648
107.638 -104.448
108.825 -103.832
107.616 -107.071
107.574 -108.604
107.113 -109.632
108.2 -110.107
109.389 -88.8152
109.204 -90.2688
108.831 -91.5876
108.743 -94.098
171.472 -88.4606
237.529 -88.9114
238.182 -89.5545
239.184 -89.9713
241.242 -90.007
172.262 -87.4322
143.262 -87.4822
235.698 -86.7366
122.438 -87.0604
123.277 -87.9378
237.586 -86.7028
161.104 -86.4553
160.861 -87.4253
160.173 -87.8322
160.271 -88.3685
160.606 -88.8246
160.643 -89.4684
159.087 -89.7165
156.503 -89.5281
173.425 -85.6777
224.895 -85.9965
123.438 -85.6375
122.844 -86.1478
163.19 -85.2872
160.162 -84.8322
113.557 -84.8158
114.19 -84.9649
124.04 -84.3618
172.222 -83.9539
237.887 -83.6072
124.755 -83.6253
101.174 -83.7232
100.186 -83.4179
98.5921 -83.8222
111.231 -83.6939
161.797 -83.4441
162.04 -84.1894
177.669 -83.0658
180.466 -83.3307
125.713 -82.7275
226.346 -82.6555
226.82 -83.3851
226.623 -84.3028
226.047 -84.9503
175.135 -82.6441
174.122 -82.8641
174.068 -83.6047
173.721 -84.2436
102.511 -82.4117
102.744 -84.5781
102.334 -87.9763
101.924 -91.2559
101.507 -94.7493
101.081 -98.064
100.688 -101.151
100.227 -103.803
179.974 -82.2101
171.392 -82.5654
171.231 -83.4431
170.841 -84.8301
170.678 -86.2879
170.527 -87.5565
170.389 -88.995
170.379 -90.3115
170.162 -91.3928
169.955 -92.7397
169.829 -94.5276
169.597 -96.3057
169.414 -98.0077
169.415 -99.1834
169.247 -100.38
169.069 -101.944
169.734 -102.928
225.283 -82.135
224.212 -81.8822
188.196 -82.132
181.76 -82.2276
182.2 -82.6876
99.5304 -82.1905
95.93 -81.3899
98.1402 -81.5995
90.7525 -81.1566
92.1112 -81.3574
182.566 -81.4453
163.05 -80.6635
224.379 -79.8842
179.789 -79.2652
172.445 -79.0172
172.763 -79.4698
230.133 -78.8024
230.912 -79.8071
230.382 -80.6937
229.482 -81.0289
229.273 -82.3248
229.916 -82.5073
162.111 -78.4788
161.726 -79.2035
160.987 -79.8881
160.488 -81.5869
83.517 -78.761
83.2467 -80.6951
163.45 -77.6947
190.294 -77.2563
92.1398 -77.067
89.0589 -77.0849
88.2321 -77.6009
95.7034 -77.1394
105.067 -77.1042
105.797 -77.5522
188.417 -75.9267
95.7891 -75.6425
217.033 -75.2264
220.713 -75.5155
223.594 -75.7576
225.147 -76.1938
226.175 -76.7299
225.957 -77.3443
225.602 -78.2822
225.263 -78.9957
226.977 -77.0801
227.628 -77.9482
226.669 -78.9596
225.977 -79.8689
228.012 -79.0024
227.809 -81.2498
227.657 -84.0645
227.415 -87.0471
226.963 -89.647
226.528 -88.8062
226.966 -92.1474
226.748 -94.4338
226.12 -87.972
225.523 -87.6429
224.576 -87.4482
223.823 -86.6209
226.658 -95.8194
226.527 -97.839
226.35 -100.282
226.025 -102.309
224.294 -102.585
221.859 -102.455
218.576 -102.191
215.897 -101.95
186.862 -74.5822
188.373 -74.6102
184.242 -74.3155
181.663 -74.1173
106.059 -74.5716
101.403 -74.3134
100.73 -74.4716
179.362 -73.8822
176.952 -73.6762
250.169 -73.7025
249.42 -74.0694
244.08 -73.8687
242.591 -74.6212
239.364 -74.4509
237.029 -74.7713
236.457 -75.3852
236.773 -76.8236
235.767 -78.2068
235.27 -76.9957
235.528 -79.6069
235.226 -81.84
235.973 -81.1494
236.924 -80.5401
235.153 -83.6483
234.779 -85.682
234.732 -88.2978
235.625 -88.9654
246.119 -73.7326
174.473 -73.3883
97.5156 -73.4771
98.4558 -74.4335
98.356 -75.5269
97.4892 -75.8439
252.873 -73.3132
91.3494 -73.3783
91.9058 -74.2226
103.873 -73.2449
102.674 -73.5481
103.738 -74.7861
102.527 -74.5701
103.181 -76.3916
103.529 -77.7781
102.143 -78.8104
101.967 -78.0697
101.868 -77.1208
186.634 -73.3279
119.312 -72.4322
87.4318 -72.3704
87.7557 -72.7026
254.317 -72.4126
219.848 -72.2015
216.312 -71.9822
209.167 -73.5533
82.7558 -72.0006
211.512 -71.6322
127.586 -71.5007
124.579 -71.2065
79.5852 -70.8425
120.688 -70.6208
118.961 -70.7636
161.712 -69.5822
128.22 -70.2167
80.0552 -69.7345
240.789 -69.4387
241.685 -69.7816
112.438 -69.4085
114.129 -69.5221
111.148 -69.615
111.211 -70.79
111.057 -72.1093
112.136 -72.2076
110.865 -73.3272
110.59 -75.7141
110.718 -77.781
112.163 -78.4186
110.251 -79.2591
110.304 -80.7478
110.153 -81.891
109.848 -83.2376
109.688 -84.6547
110.892 -85.1822
185.077 -69.3865
93.3217 -69.0089
237.621 -68.9942
127.704 -68.8905
245.658 -68.9437
246.409 -69.6513
79.0811 -68.5362
124.826 -68.2465
239.11 -69.059
123.362 -68.1822
191.88 -69.3251
101.013 -68.4976
100.556 -69.3549
98.4843 -69.479
95.637 -69.1737
78.3378 -67.8027
257.037 -68.6605
256.876 -70.9524
121.503 -67.693
119.051 -67.4155
164.551 -66.3014
180.812 -65.9739
172.595 -66.5593
172.551 -67.8812
172.314 -69.8323
172.111 -72.0843
171.917 -74.3762
171.41 -76.5069
171.424 -77.8309
171.413 -79.1241
183.571 -65.9618
238.295 -65.6637
239.028 -66.1768
245.108 -65.3252
247.445 -65.4428
241.358 -65.2014
242.748 -65.2354
240.699 -65.5768
240.493 -66.175
182.773 -65.167
164.538 -65.2166
175.945 -64.0651
176.573 -64.4667
178.004 -64.7719
180.127 -64.9278
258.797 -63.883
258.919 -64.512
159.382 -63.652
249.712 -63.2322
112.255 -62.7151
111.731 -63.9227
111.86 -65.9135
113.008 -66.3715
113.892 -65.2622
116.345 -66.8354
117.46 -67.0265
114.627 -66.745
113.842 -65.8522
243.264 -60.8897
243.59 -61.4617
244.112 -62.3846
244.604 -62.7686
104.063 -60.2027
226.71 -54.1435
226.543 -54.5967
108.078 -52.2217
108.213 -53.7017
108.029 -55.4582
107.812 -56.3281
126.375 -51.6322
225.514 -51.7554
127.826 -50.783
116.973 -50.7798
116.186 -51.2641
115.805 -52.3613
115.4 -53.8236
118.496 -50.7497
120.347 -50.9955
122.412 -51.2382
124.52 -51.5246
113.177 -50.2502
114.125 -50.0489
113.056 -52.5212
113.079 -54.3103
112.789 -55.2213
112.542 -56.8796
112.602 -58.4586
112.304 -59.9037
112.598 -60.8633
113.375 -60.9917
114.766 -61.367
115.615 -61.246
115.215 -62.2359
113.768 -63.0107
115.753 -62.7221
115.598 -63.7195
226.18 -49.8081
226.41 -50.6939
121.991 -49.9601
122.631 -49.5337
238.549 -48.606
231.14 -48.6087
231.701 -49.5765
231.157 -50.9158
230.952 -51.8916
125.79 -48.1286
13.3788 -48.139
104.927 -47.152
104.778 -47.5313
121.63 -47.2798
122.533 -47.8391
228.605 -46.6272
116.583 -46.6713
117.541 -47.1043
118.915 -46.5805
119.171 -47.1306
224.995 -46.069
125.466 -46.0362
166.29 -45.8246
167.348 -46.1999
167.3 -48.4272
166.976 -51.277
166.756 -53.7147
166.571 -55.9219
166.332 -58.0112
166.215 -59.957
166.001 -62.2442
165.823 -64.1159
165.67 -66.1081
165.5 -68.4665
165.016 -70.6533
164.292 -70.1022
165.064 -72.3874
164.724 -74.6919
164.504 -75.873
164.571 -77.5666
164.451 -79.786
164.242 -82.3849
164.053 -84.58
163.817 -87.0535
163.55 -90.016
163.078 -90.0471
163.3 -92.7529
163.086 -95.2515
162.937 -97.461
162.503 -99.2399
162.318 -100.99
160.76 -99.359
162.072 -103.279
161.72 -104.274
126.431 -45.3822
13.5344 -45.8378
164.791 -45.147
178.549 -45.2608
183.312 -44.6536
125.387 -44.1572
106.665 -45.1621
106.482 -49.6836
106.031 -54.5915
105.704 -58.1952
105.395 -61.5315
105.003 -65.1534
105.384 -66.6703
104.424 -69.2504
174.712 -44.3302
175.44 -45.4361
174.421 -46.4206
174.372 -48.3245
174.104 -49.7905
173.837 -51.091
174.016 -52.1322
174.122 -53.4008
173.669 -54.0707
173.856 -55.4765
173.46 -56.6595
173.544 -58.3194
173.483 -59.8139
173.256 -60.9768
173.275 -62.5959
173.499 -64.0407
96.8121 -43.5322
95.9621 -43.4108
88.7686 -43.2566
86.2228 -42.8569
83.5621 -42.5322
100.966 -43.9825
102.8 -48.6124
98.6818 -42.9773
98.5682 -43.6002
103.123 -44.6734
103.006 -46.3962
219.721 -42.5551
193.85 -43.1
193.738 -45.1167
80.6621 -41.9322
119.26 -41.8337
118.725 -42.5914
126.735 -41.6055
125.81 -42.1462
14.0733 -41.8021
13.6228 -42.3569
78.0999 -41.0922
222.287 -40.8716
222.541 -41.7417
222.166 -42.2429
221.665 -42.4605
128.028 -40.7117
118.281 -40.1779
88.5689 -40.335
87.7558 -40.8544
14.149 -40.4036
120.912 -39.8725
122.164 -39.7307
178.262 -39.5584
124.151 -39.654
125.426 -40.1362
119.882 -39.7389
89.3188 -39.2569
184.171 -39.2256
184.191 -40.245
185.132 -41.0621
185.748 -41.7725
115.208 -38.8614
93.8982 -39.3867
123.288 -38.3764
215.567 -38.2136
98.9996 -37.4093
182.649 -37.1555
183.726 -37.3476
184.604 -37.5237
185.198 -37.9401
220.031 -37.1556
219.413 -37.6512
94.591 -37.0259
167.685 -36.8115
167.44 -37.741
167.496 -39.1152
168.078 -40.1755
167.564 -41.176
166.602 -40.7217
167.663 -43.0751
167.361 -44.595
88.9059 -36.5527
91.4664 -36.7504
97.4252 -36.0061
141.375 -36.0956
14.1159 -36.325
157.823 -35.704
161.53 -35.9713
164.11 -36.3113
165.284 -36.6817
165.28 -37.6921
164.8 -38.5747
165.113 -39.1717
165.274 -40.2092
178.262 -35.4622
8.06215 -35.4822
227.412 -34.9322
225.801 -35.3205
227.448 -35.6198
229.31 -35.8766
229.938 -35.4759
229.8 -37.0891
229.761 -38.0201
229.515 -38.9482
229.302 -40.2352
229.192 -41.2632
228.971 -42.0781
230.179 -40.6673
230.565 -40.327
229.814 -42.4884
229.83 -43.7179
229.714 -46.0284
229.434 -47.9016
229.237 -48.9015
229.138 -50.1887
229.479 -50.864
228.839 -53.6478
229.172 -54.4067
229.309 -57.4962
229.074 -62.0309
228.874 -65.1946
228.654 -66.8869
228.82 -68.0173
228.521 -69.6056
228.567 -70.7647
228.118 -72.2742
226.213 -72.4993
223.462 -72.3639
229.132 -51.3534
228.949 -52.2348
141.062 -35.0822
99.3355 -34.9432
98.798 -35.8194
221.423 -34.3267
93.0478 -34.7536
215.344 -34.1281
216.47 -34.3421
223.221 -34.0205
219.493 -33.8182
220.409 -34.2534
213.186 -33.8118
212.103 -33.4644
226.352 -33.2459
228.31 -34.0117
150.762 -32.4322
149.062 -32.3322
140.94 -33.2396
8.11095 -32.3644
144.712 -32.0322
153.835 -32.4857
156.52 -32.7259
159.724 -32.7576
162.498 -32.9378
152.162 -31.8108
106.766 -31.9155
119.602 -30.954
14.3297 -33.1599
8.18394 -30.1925
14.2621 -29.9322
221.362 -29.6322
150.223 -30.6636
242.592 -28.1688
241.78 -28.6101
165.666 -28.6763
164.826 -29.5878
162.102 -30.1599
157.209 -29.8468
210.998 -29.1747
210.808 -31.5792
182.893 -28.0098
227.735 -26.6941
227.653 -27.7819
226.534 -28.9245
225.258 -29.8757
178.386 -27.1263
175.96 -28.0015
180.368 -27.7928
181.386 -27.95
175.104 -28.8842
175.141 -33.9168
174.918 -38.865
175.72 -40.481
178.428 -24.0903
117.461 -23.1796
240.421 -23.1875
14.263 -23.9768
14.3101 -26.9673
167.888 -22.4472
168.692 -22.7645
168.589 -24.2059
168.516 -25.7112
168.412 -27.2657
169.149 -28.2673
168.085 -29.2306
167.237 -29.5568
176.76 -21.8375
176.131 -22.5471
176.562 -23.599
175.959 -23.885
115.962 -21.1822
-10.311 -19.4793
-11.4035 -19.226
166.123 -18.8927
-13.0302 -19.0476
176.973 -17.3721
195.513 -17.2193
197.138 -17.3229
193.69 -17.1568
192.962 -16.3822
165.297 -16.9563
228.042 -15.713
229.312 -15.7341
227.004 -17.7552
226.757 -22.8417
202.725 -15.4322
174.055 -16.0294
174.134 -17.1723
173.42 -18.783
174.212 -19.5257
193.062 -14.8322
176.748 -14.5418
176.294 -13.8563
202.826 -13.5095
-9.65371 -13.5912
178.748 -13.3953
178.597 -13.6714
118.212 -13.1179
241.882 -13.6639
241.116 -14.2211
240.171 -13.915
239.4 -13.9989
238.675 -14.4315
237.917 -14.6417
237.343 -16.4218
237.205 -18.8351
237.153 -22.3763
237.06 -24.4764
237.007 -26.3006
236.776 -29.6085
236.963 -32.7814
236.861 -36.8243
236.584 -40.4882
236.636 -42.0438
236.566 -45.8149
236.808 -50.2373
237.089 -50.0559
236.871 -50.3137
236.739 -51.8148
236.201 -53.4246
236.776 -54.2871
236.657 -55.275
236.238 -57.2481
236.219 -59.7445
236.022 -62.4124
235.627 -65.0009
236.356 -65.2585
236.114 -66.9069
236.064 -68.8147
236.649 -69.0656
165.976 -12.693
166.767 -12.5956
166.526 -13.6711
166.523 -14.6211
199.773 -11.6652
86.3621 -11.0322
85.1609 -11.0848
-10.7589 -11.4467
-9.88718 -12.2033
194.096 -10.6385
193.939 -11.5431
177.003 -10.9465
176.461 -11.4512
-9.25823 -9.05443
202.472 -8.54365
241.915 -9.2699
240.798 -11.2112
50.8219 -7.53123
54.2408 -6.87221
53.6346 -7.35529
52.901 -7.68665
51.7687 -7.36051
86.009 -7.15025
49.3709 -6.24253
50.1595 -6.51231
195.243 -5.99927
193.489 -5.98606
166.379 -5.45796
-11.5603 -5.44887
180.443 -6.25141
180.31 -10.8919
180.109 -15.9993
179.549 -16.3727
178.385 -16.0275
176.664 -16.0098
176.185 -16.932
176.152 -19.5301
177.056 -19.7548
178.294 -19.918
178.814 -21.205
178.601 -22.3741
179.305 -23.1247
179.911 -24.3486
182.762 -24.7669
182.82 -25.6753
-21.7438 -4.92623
-19.9604 -5.04716
193.824 -4.90145
-9.33369 -4.81096
-7.89312 -5.24731
-8.14358 -6.72908
-8.61502 -7.95689
-12.0077 -4.66689
80.7055 -4.85007
81.2351 -6.02095
81.9621 -5.41731
82.9578 -4.88499
3.86154 -4.35382
4.50247 -4.62145
1.27538 -4.50523
-1.11605 -4.72451
5.09486 -4.87913
5.65301 -5.11231
6.2134 -5.35957
6.63934 -5.70063
6.87595 -6.23649
7.15011 -6.74332
7.42148 -7.47688
7.60314 -12.6152
7.66697 -20.4847
7.73618 -24.145
7.89804 -26.4938
8.16086 -28.3279
-13.2895 -4.64721
-13.9938 -5.96997
-14.5236 -4.9841
-16.7531 -4.93776
163.012 -3.92042
78.1943 -3.75364
203.027 -3.33203
202.004 -3.45273
195.012 -3.01792
78.6128 -2.41416
81.1598 -3.05887
72.9324 -2.57443
69.2847 -2.75663
66.4473 -2.74332
63.2927 -2.8869
61.1481 -2.85849
58.6129 -2.8796
55.9723 -2.91127
53.123 -2.98739
51.3384 -3.18573
49.3644 -3.28533
47.9257 -3.43885
45.3306 -3.30779
43.8867 -3.52788
41.5662 -3.49907
38.4744 -3.50034
35.7389 -3.67871
34.1121 -3.54111
30.7171 -3.25238
27.2809 -3.32941
24.6212 -3.48259
21.3297 -3.61658
18.8211 -3.69719
17.0449 -4.32349
15.7395 -5.67506
14.6137 -7.21504
13.8157 -7.91421
13.5733 -10.1372
13.6617 -13.075
13.7889 -16.2523
13.8305 -20.0764
-23.6356 -2.20112
-15.8305 -3.32175
-16.5818 -2.00108
-15.4533 -2.361
142.532 -1.70221
194.225 -2.04147
-21.2379 -1.48221
85.1551 -2.78064
109.003 -5.64888
108.405 -17.7995
106.3 -40.2985
101.636 -1.66778
100.456 -1.71279
101.953 -2.04046
101.454 -2.77861
97.0555 -1.84525
90.8014 -2.04836
104.551 -1.72401
106.317 -2.92579
106.683 -3.48861
107.495 -3.3253
108.411 -3.71958
108.645 -4.26845
108.926 -8.16088
108.834 -10.3546
109.186 -11.4985
108.99 -12.174
108.89 -13.4936
108.666 -15.0714
108.125 -22.7684
107.969 -25.9609
107.864 -27.8638
107.704 -30.6822
107.463 -35.1148
107.319 -38.512
197.237 -1.14302
130.944 -0.934615
126.945 -1.01554
185.798 -0.95097
134.405 -0.830895
133.048 -0.860784
143.681 -0.703826
135.839 -0.85059
120.234 -0.765545
118.97 -1.40563
117.938 -2.52921
117.167 -3.79308
116.092 -5.06071
115.481 -8.46651
115.742 -11.1287
114.928 -11.7803
114.943 -17.9966
114.8 -22.3906
114.458 -27.0206
114.132 -34.0552
113.808 -39.5168
113.364 -43.4615
113.313 -44.978
113.954 -46.9303
-11.6929 -0.692269
139.452 -0.560993
140.797 -0.753949
-17.8545 -0.506452
145.348 -0.557211
146.006 -0.787891
154.221 -0.318639
150.266 -0.529061
163.54 0.0475748
168.128 -1.72506
169.967 -4.9995
169.347 -6.47625
169.795 -8.31
169.39 -10.3266
169.447 -12.2732
168.796 -12.9237
169.241 -14.5413
169.526 -15.4027
169.284 -16.6305
168.674 -17.929
168.317 -18.7318
168.636 -20.2616
167.011 -20.6277
166.245 -21.6382
158.34 -0.0589484
-15.5545 0.0511256
-20.6537 0.0315159
196.325 0.845807
198.219 0.640609
194.015 0.735546
190.895 0.609543
187.531 0.591543
185.208 0.55022
182.938 0.332695
181.257 0.237744
180.013 -0.197252
179.21 -0.706018
177.853 -1.66193
176.883 -3.05846
176.459 -4.76561
176.891 -6.38688
177.079 -7.69834
176.337 -8.14382
240.928 1.92468
240.393 1.55981
214.979 1.6926
218.864 1.60426
210.34 1.33943
205.798 1.144
203.938 0.551983
202.845 0.950646
202.749 0.410031
202.808 -1.2241
226.092 1.59534
230.019 -0.443136
231.491 -2.78661
231.43 -5.2783
231.707 -6.82752
231.286 -11.0152
231.029 -15.5626
230.795 -20.9397
241.121 -2.71242
240.806 -1.48505
253.694 2.56513
247.857 2.38894
243.822 2.19493
242.656 1.77228
241.18 0.559521
241.651 -0.234433
239.857 -0.530427
239.421 -1.994
238.698 -2.41747
238.097 -3.63715
238.534 -4.6467
239.713 -4.51851
240.536 -4.4097
241.222 -4.70971
242.723 -5.15566
243.413 -6.05492
258.411 2.6988
153.632 2.73779
266.025 2.82794
261.615 2.83076
150.308 2.61393
268.668 3.05853
271.234 3.16058
274.569 3.32196
277.325 3.49071
-37.4317 3.52919
-34.2054 3.90816
-31.1039 4.00515
-5.89391 4.55719
-2.6951 4.67286
-6.38179 5.25719
-41.6939 5.35719
267.368 5.43347
267.631 4.58327
265.046 6.02226
263.484 6.25799
261.375 6.49628
31.2746 7.01216
31.4527 6.25635
32.2466 5.93236
32.708 6.6297
103.079 8.06139
117.832 8.76779
39.1207 6.99699
39.4948 5.40043
40.2383 5.31653
40.8207 7.14389
269.905 9.02159
43.4253 8.24947
43.2171 6.0304
42.07 6.03004
41.7464 7.78975
271.617 9.32891
135.255 9.02556
108.212 9.58208
124.19 9.41408
48.9018 7.76299
48.2703 5.7554
47.2788 6.28294
47.0623 8.49501
272.31 9.73655
64.4732 8.7427
65.0516 6.90813
66.1655 6.98838
66.2425 9.00896
62.3434 7.60764
60.963 10.0932
61.0835 8.24266
108.536 10.2845
69.9175 10.3296
35.9135 9.47863
36.109 6.72496
36.8994 4.98512
37.9617 6.45473
181.416 10.0309
182.014 9.47822
137.749 10.0313
137.359 9.34651
57.7155 9.69943
57.9054 8.01232
56.9644 7.2968
56.1896 8.92999
-2.32581 10.3039
-2.85132 9.78766
79.266 10.0338
79.3432 7.70386
78.054 7.04628
77.592 9.24412
18.7203 10.3613
38.3804 10.5217
36.8192 10.4915
182.599 10.7678
26.7621 10.659
55.6388 10.8408
55.1679 10.1917
55.1793 8.0555
54.936 6.95589
54.1599 6.73194
53.4521 8.22374
53.1908 9.95437
52.5499 10.2256
52.0121 10.9178
70.7116 11.0041
66.28 11.0258
35.3555 10.8815
67.4941 10.4591
67.969 7.85396
68.6267 6.35135
69.4753 8.557
32.4549 10.6039
32.955 9.66922
33.8367 9.27728
34.6946 8.80259
33.7244 10.9923
169.562 11.3978
168.785 10.6383
168.391 10.7789
168.132 10.0097
167.51 9.78331
149.03 11.4914
147.699 11.6678
166.754 11.3266
166.184 10.7435
77.6671 11.7028
84.0947 11.8829
137.587 11.9553
37.2836 11.6357
28.2134 11.3658
28.9288 11.2434
275.393 12.0426
189.394 11.9832
51.0621 12.1678
250.61 11.9761
34.8739 12.1335
73.4111 11.4172
73.2899 10.6748
74.2973 10.3005
72.0223 8.34497
71.3915 6.85838
70.5706 8.63479
74.939 12.1425
74.5425 11.9302
72.8886 9.83856
72.2243 9.35839
71.6049 11.9589
25.6476 12.3928
64.1521 11.7728
-10.0632 12.512
280.751 12.6114
159.879 11.0455
159.32 8.95149
-12.1758 12.2057
-12.1902 10.5334
-12.1063 7.36389
-13.9252 4.52062
-17.9298 4.34503
-20.6646 4.33561
-23.5705 4.2114
-27.1314 4.05589
256.463 12.484
257.228 12.0348
144.749 10.9152
145.727 9.15829
146.515 10.3806
146.674 12.0928
253.768 12.1622
70.8542 12.8903
154.098 11.7212
153.916 10.0407
152.702 9.94002
152.576 11.2466
37.2621 13.0045
254.783 12.6666
53.131 12.5515
32.381 12.9622
27.2217 12.8235
187.459 13.1413
188.561 12.9151
185.973 12.9657
184.443 12.3572
21.4891 12.3875
22.4474 11.6008
22.9714 10.4013
23.9098 10.0121
23.7921 8.87321
24.7009 8.11009
26.3003 7.80598
27.6172 8.1696
132.993 12.9939
133.642 12.9201
132.318 12.3301
131.562 12.0866
133.738 10.8178
134.054 8.48256
133.816 10.5469
133.667 11.4224
56.8002 12.6848
116.925 13.1622
117.18 11.8476
117.786 11.1548
118.745 10.4169
119.935 9.78587
120.389 9.19807
121.13 8.93553
122.12 8.57334
102.466 13.5103
190.345 13.7936
81.6515 13.8117
90.4064 13.6378
89.0574 13.587
88.5322 13.0555
85.3911 13.3472
84.347 12.7399
85.3038 12.034
85.6038 10.3404
82.9903 12.3145
81.5849 12.5472
82.8599 11.628
82.8409 10.659
86.2364 7.20036
87.6437 9.38837
88.0278 10.6811
88.8229 10.6327
89.6732 10.9222
90.3413 10.8522
91.1176 11.724
90.5772 12.1367
80.6689 13.3604
70.3922 13.7678
68.6443 13.6464
224.544 13.6714
225.36 13.2774
226.164 13.0577
226.286 12.0952
227.507 11.868
229.074 12.0946
230.124 12.7707
230.914 13.4622
56.3777 13.7745
4.95517 13.7116
4.33647 13.7646
4.84465 12.9549
4.26079 12.8322
166.372 14.0961
128.841 13.9752
128.987 13.3966
129.657 12.9413
130.384 12.3277
125.229 14.2901
125.97 13.8511
126.521 13.4352
127.392 13.5024
36.1962 14.1808
262.755 13.723
263.117 12.4634
74.4496 14.2636
48.0381 14.5993
90.0621 14.7678
182.435 14.6146
126.348 14.741
104.433 14.6823
50.3607 13.795
49.7481 12.9367
49.1864 11.99
48.5437 11.1709
47.1823 11.3119
46.0438 11.8639
45.4458 12.9554
45.2369 13.9656
162.075 14.7803
161.831 14.1774
223.084 14.6067
34.7955 14.7798
34.2947 13.6311
33.84 14.3947
33.5413 14.7595
272.05 13.7899
272.668 11.9867
131.432 14.5708
99.9143 14.7001
99.7254 13.5394
101.132 12.1138
101.778 11.2711
102.768 10.3901
103.713 11.3617
104.129 12.4829
104.763 12.5979
104.125 10.9635
105.154 10.737
105.148 9.29644
104.292 8.66886
106.295 8.6133
107.508 8.69386
106.909 9.67721
107.516 10.3069
159.432 15.2774
66.716 15.1832
53.1371 15.0296
51.9081 14.6605
52.5885 13.9625
52.0571 13.8938
196.998 15.2289
197.627 14.7145
118.222 14.6074
117.877 13.9311
87.7883 15.3113
87.1862 14.9715
14.9363 15.3245
224.734 15.5806
153.069 15.2793
226.103 15.6314
179.777 15.2574
179.275 15.2854
133.959 15.1321
133.749 14.137
120.338 15.7821
89.6021 15.4068
43.5137 14.8081
247.387 14.7524
247.474 13.033
247.901 11.8079
248.771 11.6729
195.165 15.6509
191.381 15.6747
77.0349 15.8796
77.7098 15.4712
78.3124 15.3305
79.0565 14.917
189.474 16.0443
162.588 16.0392
170.186 16.2001
122.962 16.2178
118.463 16.2221
102.534 15.7047
101.486 15.869
232.157 16.3099
208.298 15.7209
208.776 14.9506
208.365 12.1276
209.764 11.3725
157.603 16.3072
121.927 16.4153
51.3335 16.2046
199.469 16.1942
131.488 16.5027
57.4206 16.4515
116.881 15.9567
82.6121 16.9678
80.988 17.0018
79.5076 16.8708
60.9068 16.6538
64.0746 16.7058
227.083 16.8469
226.633 16.8125
77.45 17.0011
189.553 17.2453
188.184 17.0815
187.334 16.8464
185.776 16.5913
186.198 15.9236
186.445 15.3255
186.281 14.5291
186.852 14.5829
185.631 16.8561
184.705 16.9356
183.881 17.0419
182.851 16.9752
181.788 16.4003
180.895 16.9508
179.452 16.9296
178.535 16.9951
74.3242 16.9629
194.424 17.2938
198.767 17.4354
154.587 17.2453
153.72 16.8757
152.435 16.8142
151.846 16.2995
93.187 17.4927
91.2621 17.1722
89.0112 17.2592
87.4485 17.2365
205.288 17.7234
203.688 17.6313
206.357 17.171
207.277 17.6385
208.769 17.6832
210.053 16.5902
210.961 16.2955
211.841 16.2395
170.214 17.6349
168.56 17.5869
166.462 17.5991
164.603 17.3553
162.832 17.212
161.517 17.2092
160.327 17.2341
158.684 17.2938
108.873 17.7525
106.119 17.604
247.117 17.97
240.374 17.9109
240.856 17.2739
240.727 15.7379
240.504 14.648
240.955 13.4569
241.816 12.6718
242.568 13.0765
243.369 13.7947
227.402 18.1861
214.924 14.2017
214.498 13.8982
213.924 13.3837
216.834 17.7903
214.851 17.6219
214.615 16.2692
213.008 15.0917
214.149 14.142
214.316 11.7074
212.098 13.7896
211.337 14.1506
101.68 17.8039
100.512 17.4529
98.1398 17.3954
95.8406 17.4008
221.19 18.418
222.952 18.2288
224.696 18.2197
225.937 17.8804
15.0969 18.7876
17.2248 18.7338
19.1905 18.8229
22.1899 19.0944
43.1527 19.4785
39.203 19.3487
59.6631 19.7276
-4.04916 19.5089
-4.21126 18.8497
-4.17764 18.1538
-4.78389 18.1563
-5.5968 18.1393
-6.96793 18.3521
-7.82029 18.4935
-8.528 19.1095
230.431 19.842
231.208 19.5229
230.607 18.6238
231.79 18.721
58.8372 19.8678
4.64389 19.6646
4.08223 18.5782
73.5836 20.2464
153.39 20.5599
76.5766 20.4954
191.62 20.8223
188.318 20.6517
25.9202 19.775
28.4203 19.0855
32.0379 19.1592
34.5903 19.2282
75.3121 21.0428
74.8184 20.5053
208.073 21.0678
250.598 21.3981
105.025 21.3691
-10.6838 20.838
-10.8783 19.6558
-10.9338 17.8165
-11.233 16.8584
-10.9258 15.3595
-10.5016 13.3316
-10.9365 12.1238
-11.1608 10.9492
95.3802 20.7279
91.7963 20.791
92.3335 19.9968
93.2384 20.5809
94.1934 20.7581
177.594 21.0511
178.394 20.4892
202.102 21.3338
200.55 21.0383
202.914 21.3801
203.775 20.9077
203.649 20.0105
202.333 19.5203
204.583 19.7033
205.491 20.0865
218.592 21.6137
216.544 21.5404
220.453 21.4883
222.755 21.6201
106.989 21.9686
105.964 21.548
12.7621 22.3178
202.525 22.6553
4.01562 22.6393
3.95285 22.1113
3.20679 21.6946
2.29323 21.2198
1.49654 20.8348
1.36006 19.8803
0.956451 18.9688
1.23056 18.5187
0.152437 18.6877
0.301882 18.0915
-0.569335 19.24
-0.901527 19.7494
-1.79699 19.7157
-2.82702 19.6599
-1.86884 19.1026
-1.87053 18.2116
-4.56035 22.7945
-4.72173 21.5812
109.956 22.9572
109.654 21.7394
12.8621 23.2678
107.086 23.4993
11.174 21.8836
12.3676 20.5279
3.56855 23.4973
233.643 23.399
233.171 22.1131
231.771 21.7572
230.471 21.7702
14.161 22.4438
-4.74084 24.9614
13.5831 25.0038
233.843 25.7459
2.73831 26.4069
2.58454 25.5802
2.08583 27.2985
234.03 27.2845
110.098 27.5289
109.967 25.8243
14.1621 28.2311
240.534 28.3454
240.593 27.7591
240.744 26.3594
240.507 24.5634
240.345 22.9264
240.35 21.6646
241.353 21.2332
242.629 21.2605
240.764 29.1812
114.027 28.6915
114.113 27.9703
114.662 27.4141
115.131 27.9591
116.765 28.2531
116.726 24.8181
116.603 20.9035
117.87 19.8086
1.11601 29.6045
11.9619 30.2719
11.1333 30.382
12.421 29.1842
13.194 28.9252
2.8689 30.7818
234.467 30.6511
234.281 29.3263
241.246 30.8913
240.891 30.7061
172.01 31.0773
171.465 30.1116
171.202 28.6623
171.307 26.1421
171.164 23.4335
171.041 21.7437
169.881 21.1539
167.464 20.8371
171.941 32.5641
234.773 32.924
178.051 32.8891
177.992 31.0539
177.928 28.2364
177.843 25.0626
116.96 34.3398
117.205 32.6841
109.934 35.8467
178.162 35.1178
9.26122 35.8808
9.55234 34.9198
10.4406 34.8784
10.8717 34.6678
235.544 36.0178
235.143 35.0678
241.771 36.2869
241.628 33.8856
117.062 37.4678
12.0436 37.6152
11.6319 37.1053
241.761 37.9629
109.884 38.356
178.335 38.5759
-3.37547 39.6254
-3.8323 38.9108
236.056 39.9053
235.87 38.8585
178.4 40.7178
117.052 40.2286
117.09 38.7188
236.245 41.042
170.875 39.5974
117.062 41.8178
236.276 42.2986
109.884 42.6075
178.528 43.3362
109.999 45.3228
117.162 45.1178
242.513 46.0759
242.833 45.0678
242.658 43.1443
242.502 41.1165
178.642 46.19
170.984 48.4567
169.766 48.5866
237.099 49.1691
117.164 48.3199
171.4 50.2178
171.192 51.3378
